12616.000000 12303.731996
12295.000000 12058.670135
12168.000000 12133.670482
12201.000000 12344.449705
13015.000000 12661.508482
14095.000000 13332.996440
15018.000000 14488.828726
15548.000000 15492.034898
15848.000000 16185.700054
16132.000000 16513.626906
16296.000000 16571.907264
16470.000000 16414.139883
16581.000000 16563.075383
16618.000000 16535.587055
16311.000000 16614.914006
16104.000000 16565.722619
16035.000000 16329.400367
15718.000000 16013.039017
15347.000000 15597.617727
15192.000000 15214.231868
15545.000000 14851.265551
14746.000000 15036.739690
13420.000000 14346.625503
12791.000000 13291.461898
12197.000000 12163.963126
11975.000000 12080.158382
11901.000000 12509.306355
12112.000000 12945.768061
12735.000000 13701.262533
14035.000000 14472.686857
15036.000000 15316.675421
15352.000000 16096.026766
15741.000000 16344.671689
15982.000000 16602.692757
16289.000000 16791.079784
16387.000000 17073.609570
16716.000000 17091.803912
17046.000000 17021.098118
17083.000000 17086.938660
17160.000000 17172.518555
17082.000000 17346.525265
16940.000000 17178.353619
16699.000000 16789.685753
16815.000000 16499.573010
16790.000000 16278.591995
15767.000000 16014.488893
14272.000000 14782.148583
12731.000000 13163.804449
12251.000000 12098.047423
11974.000000 12010.762390
12054.000000 12330.943851
12342.000000 12671.400934
13226.000000 13121.610899
14469.000000 14141.300286
15336.000000 15247.367808
15445.000000 15964.949515
15590.000000 16110.808330
15679.000000 16003.437989
15686.000000 16148.790839
15730.000000 16374.219273
15954.000000 16437.783337
15885.000000 16540.893998
15773.000000 16573.394893
15789.000000 16509.903612
15664.000000 16652.977206
15551.000000 16641.006609
15427.000000 16335.598065
15629.000000 15890.523937
15822.000000 15495.525136
14975.000000 15283.454351
13723.000000 14169.175096
12744.000000 12670.139531
12295.000000 12244.544903
12116.000000 12474.333333
12254.000000 12968.558789
12577.000000 13356.001478
13525.000000 13809.059068
14838.000000 14446.289567
15639.000000 15440.358935
15711.000000 16127.710144
15664.000000 16074.023087
15579.000000 15814.712419
15486.000000 15681.703617
15545.000000 15852.944996
15437.000000 15800.607129
15455.000000 15538.075349
15597.000000 15538.295583
15437.000000 15758.533191
15293.000000 15800.743184
15058.000000 15609.115317
14971.000000 15292.185572
15166.000000 14966.898761
15800.000000 14933.105015
14755.000000 15138.336079
13690.000000 14132.542250
12089.000000 12947.019511
11802.000000 11766.545164
11742.000000 12005.158060
11658.000000 12605.285555
11987.000000 12945.489924
12987.000000 13299.274911
14366.000000 14131.790798
15302.000000 15298.269593
15460.000000 16011.255503
15526.000000 15929.020195
15614.000000 15737.784100
15645.000000 15827.783181
15669.000000 16047.176924
15704.000000 15981.408759
15552.000000 15902.783193
15467.000000 15761.548277
15390.000000 15609.767491
15181.000000 15841.972843
15006.000000 15657.988113
14953.000000 15366.035763
15235.000000 15068.412491
15738.000000 15167.344439
14800.000000 15166.255242
13682.000000 14009.543710
11589.000000 12566.876529
11187.000000 11285.462615
10963.000000 11330.622822
11012.000000 11760.119885
10946.000000 12178.267249
11142.000000 12304.559233
11281.000000 12546.476645
11688.000000 12779.948663
12468.000000 13050.029240
12841.000000 13553.165164
12981.000000 13775.380239
12939.000000 13865.001883
13043.000000 13926.515821
13004.000000 13989.067408
12877.000000 13814.107166
12960.000000 13616.156114
13037.000000 13846.382280
13120.000000 14265.655594
13161.000000 14424.748134
13281.000000 14346.105269
13654.000000 14023.030638
14247.000000 13874.924600
13592.000000 14107.563056
12804.000000 13272.353281
12171.000000 12337.348793
11791.000000 11689.886797
11523.000000 11716.729104
11521.000000 11917.474602
11595.000000 11888.148908
11907.000000 11729.675435
12167.000000 11793.639352
12787.000000 12397.454066
13543.000000 13376.957438
13767.000000 13960.477666
13920.000000 13909.762453
13806.000000 13796.884207
13576.000000 13639.908996
13558.000000 13400.759080
13394.000000 13348.529801
13431.000000 13372.220061
13408.000000 13635.425602
13480.000000 13856.712442
13351.000000 13886.025948
13181.000000 13800.249797
13474.000000 13560.551617
13806.000000 13620.690621
13331.000000 13888.510128
12356.000000 13436.822485
13114.000000 12703.588853
12762.000000 12576.602409
12552.000000 12812.639770
12542.000000 12930.360984
12789.000000 13248.189625
13723.000000 13649.811381
15032.000000 14457.177556
15851.000000 15615.735758
15941.000000 16411.617383
15890.000000 16509.027523
15980.000000 16198.952516
15680.000000 16064.644066
15586.000000 15639.919042
15452.000000 15500.066010
15228.000000 15363.550575
15001.000000 15313.153238
14684.000000 15317.787201
14352.000000 14988.589329
14129.000000 14455.073629
14049.000000 14023.926186
14373.000000 14160.535093
14683.000000 14383.781723
14112.000000 14657.360109
13085.000000 13992.476819
12929.000000 13151.036431
12316.000000 12820.442595
12157.000000 12831.505138
12093.000000 13024.377404
12317.000000 13361.659501
13195.000000 13997.370664
14635.000000 14974.369414
15372.000000 15832.345630
15598.000000 16211.250964
15589.000000 16386.142440
15797.000000 16248.992609
15665.000000 16393.960361
15510.000000 16420.239285
15525.000000 16045.506688
15383.000000 15786.452633
15081.000000 15596.373940
15043.000000 15344.580534
15025.000000 15273.061886
14847.000000 15418.311605
14826.000000 15281.315684
15319.000000 15206.087009
15665.000000 15378.433352
14885.000000 15408.944467
13908.000000 14414.609495
13116.000000 12907.994011
12563.000000 12639.120551
12438.000000 12677.191704
12468.000000 12926.284239
12700.000000 13195.887373
13467.000000 13604.201317
14617.000000 14472.908822
15240.000000 15395.048429
15447.000000 15987.659131
15536.000000 15967.630325
15498.000000 15673.298169
15378.000000 15619.484871
15418.000000 15684.164133
15433.000000 15638.820498
15206.000000 15473.966227
15105.000000 15340.102064
15160.000000 15448.120650
15177.000000 15759.583899
15159.000000 15885.948254
15096.000000 15792.331555
15605.000000 15586.451288
15554.000000 15641.804679
14792.000000 15335.434816
13648.000000 14325.874929
13255.000000 12945.887305
12862.000000 12895.255283
12635.000000 13116.039988
12590.000000 13389.784655
12779.000000 13573.796863
13681.000000 13775.241616
15140.000000 14469.526844
15836.000000 15719.544641
16067.000000 16431.390851
15991.000000 16417.256212
16021.000000 15944.690323
16037.000000 16015.819514
15975.000000 16228.649571
15889.000000 16019.777923
15765.000000 15869.929825
15406.000000 15885.435392
15331.000000 15820.293684
15294.000000 15812.155296
15185.000000 15796.131510
15163.000000 15522.993151
15533.000000 15275.624519
15904.000000 15303.784251
15007.000000 15473.912637
13901.000000 14463.299514
12229.000000 13354.552867
11972.000000 12207.376379
11873.000000 12223.316475
11859.000000 12659.477763
12211.000000 12958.874242
13083.000000 13451.696934
14598.000000 14277.257150
15523.000000 15524.721312
15720.000000 16332.368837
15895.000000 16363.815260
15918.000000 16253.587250
16025.000000 16266.939511
15959.000000 16398.317568
15850.000000 16276.558955
15639.000000 16020.052408
15384.000000 15652.498393
15297.000000 15522.716364
15385.000000 15845.025891
15396.000000 16048.343142
15546.000000 15973.493165
15968.000000 15699.860478
15936.000000 15893.740213
15059.000000 15427.036053
13984.000000 14101.938177
11446.000000 12563.583548
11097.000000 11178.928912
10925.000000 11206.692728
10760.000000 11730.129055
11031.000000 12019.511736
11045.000000 12274.559838
11237.000000 12526.080038
11834.000000 12873.699468
12536.000000 13222.132184
13042.000000 13725.785596
13027.000000 13864.603889
13101.000000 13799.236609
13029.000000 13900.974088
12919.000000 13809.993208
12632.000000 13739.649320
12618.000000 13556.087560
12637.000000 13646.660908
12802.000000 14152.618319
12853.000000 14426.010535
13191.000000 14403.661769
13834.000000 14002.321446
14058.000000 13900.660066
13551.000000 13889.017935
12806.000000 13072.968568
12466.000000 12194.409957
11974.000000 11863.147344
11712.000000 11911.213355
11536.000000 12018.991633
11641.000000 11995.725393
12030.000000 11818.922786
12381.000000 11883.589666
12919.000000 12656.738544
13601.000000 13511.299178
13920.000000 13912.536031
14042.000000 13912.916659
13910.000000 13822.517813
13671.000000 13561.985284
13561.000000 13314.435974
13371.000000 13197.155294
13221.000000 13244.169981
13144.000000 13443.280868
13308.000000 13429.565922
13270.000000 13551.247926
13271.000000 13676.799272
13682.000000 13642.870543
13819.000000 13874.603341
13259.000000 13913.438073
12345.000000 13359.326336
13069.000000 12893.408191
12588.000000 12612.365653
12413.000000 12703.647933
12216.000000 12746.408979
12581.000000 12886.920511
13402.000000 13602.233292
14906.000000 14273.619800
15674.000000 15521.921579
15786.000000 16402.430534
15856.000000 16414.607592
15985.000000 16307.687241
15844.000000 16088.991831
15820.000000 15745.573273
15768.000000 15637.003688
15488.000000 15584.718582
15123.000000 15482.447688
15206.000000 15425.677442
14993.000000 15382.420651
14862.000000 15115.721291
14737.000000 14743.924557
15127.000000 14769.374630
15212.000000 15041.911776
14400.000000 14997.611947
13309.000000 14101.479616
13010.000000 13104.985003
12465.000000 12780.157456
12116.000000 12819.461493
12082.000000 12876.963502
12184.000000 13170.945165
12944.000000 13731.488946
14349.000000 14652.099621
15173.000000 15585.799303
15414.000000 16118.327640
15697.000000 16220.152192
15783.000000 16260.011048
15845.000000 16416.451382
15700.000000 16616.672051
15720.000000 16322.182518
15586.000000 16075.769004
15339.000000 15993.758258
15320.000000 15939.693092
15226.000000 15866.995680
15144.000000 15860.097369
15221.000000 15667.659551
15596.000000 15591.705415
15755.000000 15671.199358
14863.000000 15449.496015
13815.000000 14353.491576
12806.000000 12866.026620
12285.000000 12498.166006
11980.000000 12402.032644
11899.000000 12557.144029
12155.000000 12554.544607
12922.000000 13048.977146
14240.000000 13901.936365
14989.000000 15127.411782
15205.000000 15840.316588
15265.000000 15838.748236
15545.000000 15527.284573
15748.000000 15694.281287
15847.000000 16044.761145
16011.000000 16043.246641
15892.000000 16044.534563
15845.000000 16008.837127
15918.000000 15992.715377
15854.000000 16351.045174
15881.000000 16484.689710
15831.000000 16419.704311
16279.000000 16071.196933
16210.000000 16118.176742
15111.000000 15739.816110
13861.000000 14359.621063
12632.000000 12796.431042
12164.000000 12146.915518
12061.000000 12279.525547
11908.000000 12622.059137
12299.000000 12871.170261
13039.000000 13221.143491
14280.000000 13911.281741
15145.000000 15031.551343
15399.000000 15793.536246
15467.000000 15877.853582
15608.000000 15796.487450
15581.000000 15909.885181
15636.000000 16172.718787
15551.000000 16032.582386
15404.000000 15862.409068
15519.000000 15830.242687
15500.000000 16030.731036
15395.000000 16306.443302
15255.000000 16229.480714
15177.000000 15873.306644
15578.000000 15498.463114
15999.000000 15392.810244
14940.000000 15399.106492
13685.000000 14194.367312
12028.000000 12837.108777
11747.000000 11785.689483
11604.000000 11963.879131
11723.000000 12367.170307
12046.000000 12770.816947
13019.000000 13132.290341
14381.000000 13966.844531
15225.000000 15282.589359
15475.000000 16000.019117
15663.000000 16020.679312
15809.000000 15790.578863
15786.000000 15932.564894
15622.000000 16126.147006
15493.000000 15900.126601
15414.000000 15685.625933
15307.000000 15540.778753
15287.000000 15576.739370
15273.000000 15858.241412
15168.000000 15791.058220
15060.000000 15613.704278
15459.000000 15178.444250
15675.000000 15335.240562
14843.000000 15127.252999
13482.000000 13862.670380
11295.000000 12402.613404
10799.000000 11014.873356
10651.000000 10999.851882
10624.000000 11614.272020
10695.000000 11913.749517
10886.000000 12212.492951
11033.000000 12467.932312
11555.000000 12661.851182
12269.000000 13030.938644
12850.000000 13504.561917
12992.000000 13768.313035
12999.000000 13828.186678
13161.000000 13820.970427
13024.000000 13977.988493
12889.000000 13930.572918
12914.000000 13679.158193
13020.000000 13921.261158
13250.000000 14376.212921
13389.000000 14594.230497
13443.000000 14513.027870
14023.000000 14041.943984
14252.000000 14014.547586
13477.000000 14044.728516
12760.000000 13019.918684
12034.000000 12088.231389
11513.000000 11452.588731
11240.000000 11415.238222
11066.000000 11521.028221
11002.000000 11523.316031
11210.000000 11232.274754
11691.000000 11182.120584
12309.000000 11979.455193
13054.000000 12979.865641
13554.000000 13582.557469
13689.000000 13721.579590
13672.000000 13713.632058
13567.000000 13612.300166
13396.000000 13387.129061
13316.000000 13251.563357
13439.000000 13371.777342
13381.000000 13785.375858
13333.000000 13981.407006
13118.000000 13882.278223
13168.000000 13684.853660
13387.000000 13528.437099
13685.000000 13570.002684
13065.000000 13751.759440
12116.000000 13280.986454
12824.000000 12442.382333
12171.000000 12241.174090
11871.000000 12201.793216
11679.000000 12162.415108
11800.000000 12267.726316
12529.000000 12711.892997
13843.000000 13488.653874
14664.000000 14602.785318
15061.000000 15498.254830
15211.000000 15708.003323
15443.000000 15692.401826
15515.000000 15742.305271
15588.000000 15517.944357
15653.000000 15541.691237
15522.000000 15577.347567
15403.000000 15648.272610
15202.000000 15639.541805
14811.000000 15297.758672
14637.000000 14800.199678
14413.000000 14519.483322
14740.000000 14445.330133
14902.000000 14740.301413
14127.000000 14761.549248
12932.000000 13870.471584
12730.000000 12887.594849
12294.000000 12321.879007
12055.000000 12424.778804
11894.000000 12574.700005
12164.000000 12798.049991
12906.000000 13481.888440
14342.000000 14369.945747
15133.000000 15429.012496
15389.000000 16049.075494
15524.000000 16222.175911
15659.000000 16280.262789
15811.000000 16428.698360
16071.000000 16670.433997
16200.000000 16685.745289
16231.000000 16513.124827
16010.000000 16454.356703
16138.000000 16329.267074
15994.000000 16425.383180
15759.000000 16413.994755
15647.000000 15975.679410
15851.000000 15903.993426
16089.000000 15815.491357
14986.000000 15674.777649
13783.000000 14400.224691
12672.000000 12784.625177
12142.000000 12383.609348
11888.000000 12310.598574
11925.000000 12560.833992
12008.000000 12785.677572
12866.000000 13048.908256
14173.000000 13890.276982
15060.000000 15025.209765
15115.000000 15837.125335
15432.000000 15842.222611
15635.000000 15714.674876
15624.000000 16004.761296
15573.000000 16377.219855
15551.000000 16218.324855
15610.000000 16001.838252
15484.000000 15977.251481
15351.000000 16055.081669
15399.000000 16157.959252
15443.000000 16129.083005
15063.000000 16054.549359
15527.000000 15489.538196
15856.000000 15505.646933
15043.000000 15415.182783
13722.000000 14368.806205
12549.000000 12708.547447
12124.000000 12111.044666
11882.000000 12303.277921
11926.000000 12611.930794
12179.000000 12761.457920
13009.000000 13198.423226
14511.000000 13966.542731
15288.000000 15251.553808
15328.000000 15966.714821
15487.000000 15963.685148
15528.000000 15714.322930
15453.000000 15603.633861
15329.000000 15718.142819
15497.000000 15593.160037
15422.000000 15620.903907
15353.000000 15547.733093
15332.000000 15524.131660
15236.000000 15880.897228
15204.000000 15875.771455
15122.000000 15577.488818
15498.000000 15342.832529
15690.000000 15367.623644
14770.000000 15297.303298
13626.000000 13983.786885
11753.000000 12711.015275
11493.000000 11475.791387
11417.000000 11627.772662
11331.000000 12228.444401
11626.000000 12597.017447
12582.000000 12961.136450
14353.000000 13787.319822
15193.000000 15170.496504
15258.000000 15983.384162
15423.000000 15835.658536
15631.000000 15614.423562
15574.000000 15827.436887
15662.000000 15991.277201
15606.000000 15970.764426
15556.000000 15786.411842
15382.000000 15741.628286
15369.000000 15728.110041
15261.000000 15934.932217
15132.000000 15920.455118
15062.000000 15720.679467
15553.000000 15130.129886
15633.000000 15254.609745
14533.000000 15089.598608
13355.000000 13663.166000
11402.000000 12123.679234
10890.000000 10958.930562
10821.000000 11096.439521
10661.000000 11605.057896
10715.000000 11934.607832
10776.000000 12158.062897
11146.000000 12352.477133
11585.000000 12681.771040
12349.000000 12990.973627
12794.000000 13407.881025
12861.000000 13698.501024
12917.000000 13779.775897
13012.000000 13949.915542
13005.000000 13873.186422
12879.000000 13891.169634
12775.000000 13782.242789
12777.000000 13886.378948
12859.000000 14139.130877
13047.000000 14184.693869
13260.000000 14245.063310
13968.000000 13918.971633
14011.000000 14007.089153
13260.000000 13806.432254
12446.000000 12857.755140
12202.000000 12090.754264
11695.000000 11679.113024
11404.000000 11727.315178
11337.000000 11736.615938
11510.000000 11712.029314
11808.000000 11620.673492
12318.000000 11636.244459
12937.000000 12552.804240
13372.000000 13596.092545
13732.000000 13860.549228
13788.000000 13832.977855
13623.000000 13820.893055
13468.000000 13494.560722
13301.000000 13214.963874
13223.000000 13055.086363
13058.000000 13168.043011
13047.000000 13325.562915
13023.000000 13452.847965
12956.000000 13521.107125
13122.000000 13528.203024
13623.000000 13518.297055
13635.000000 13727.435435
12970.000000 13737.110206
12105.000000 13033.910536
12945.000000 12451.672188
12321.000000 12515.718381
12402.000000 12549.343467
12186.000000 12841.918034
12330.000000 12998.379430
13244.000000 13413.504870
14640.000000 14124.881700
15592.000000 15335.868814
15461.000000 16207.824782
15356.000000 16098.825555
15395.000000 15746.158336
15218.000000 15544.460365
15116.000000 15217.120006
15148.000000 15001.762627
14925.000000 15026.897910
14701.000000 15078.465458
14581.000000 15044.233261
14426.000000 14790.108684
14157.000000 14538.134505
14136.000000 14199.000240
14259.000000 14225.639208
14529.000000 14383.100088
13895.000000 14446.065641
12887.000000 13710.910698
12923.000000 12765.339176
12619.000000 12721.707260
12420.000000 13102.399360
12397.000000 13212.662861
12710.000000 13404.338471
13702.000000 14177.489699
15274.000000 15220.598131
15867.000000 16297.676251
15813.000000 16627.624516
15540.000000 16334.265343
15587.000000 15950.015301
15412.000000 15985.803426
15335.000000 16075.614496
15237.000000 15936.590347
15201.000000 15578.610703
14976.000000 15552.120112
14898.000000 15381.113146
14798.000000 15321.150628
14656.000000 15197.674204
14676.000000 14915.391610
15261.000000 14920.509655
15667.000000 15382.406295
14684.000000 15461.658525
13522.000000 14265.367097
13267.000000 12751.045060
12881.000000 13081.179261
12688.000000 13257.973251
12546.000000 13544.117076
12861.000000 13563.432026
13668.000000 13923.791319
15267.000000 14767.626324
15813.000000 15873.604736
15915.000000 16495.741423
15939.000000 16167.850245
15843.000000 15869.129208
15623.000000 15904.519072
15403.000000 16033.933982
15537.000000 15671.341907
15307.000000 15540.991608
15103.000000 15425.185827
15002.000000 15383.066722
14925.000000 15462.697245
14941.000000 15505.746868
14950.000000 15452.587642
15522.000000 15489.815178
15740.000000 15612.984481
14842.000000 15419.466413
13736.000000 14329.290572
12681.000000 13090.422748
12045.000000 12580.499250
11768.000000 12522.045971
11694.000000 12611.034124
11920.000000 12809.046012
12906.000000 13181.836764
14404.000000 14065.330704
15163.000000 15358.382858
15319.000000 16019.014096
15491.000000 15986.036799
15766.000000 15624.283285
15678.000000 15813.409180
15808.000000 15990.070421
15996.000000 15997.117239
16017.000000 15952.609317
15949.000000 16046.341277
15887.000000 16075.079368
15932.000000 16284.645747
15898.000000 16510.074135
15874.000000 16376.645864
16138.000000 16084.090215
15962.000000 15941.611851
14869.000000 15517.232273
13909.000000 14024.922519
11755.000000 12566.172280
11416.000000 11329.608570
11340.000000 11390.308381
11410.000000 11945.896708
11577.000000 12346.960605
12483.000000 12712.785484
14049.000000 13449.472138
14815.000000 14886.530650
15050.000000 15583.690839
15275.000000 15716.054176
15431.000000 15641.959074
15491.000000 15755.449308
15521.000000 16050.388293
15637.000000 15966.635480
15600.000000 16158.154559
15526.000000 16112.716403
15391.000000 16101.050108
15415.000000 16337.021221
15199.000000 16360.745268
15140.000000 16015.893289
15654.000000 15283.054290
15871.000000 15302.062204
14649.000000 15247.813346
13464.000000 13780.566068
11419.000000 12195.723092
10744.000000 11127.631614
10554.000000 11051.420100
10517.000000 11430.388749
10495.000000 11709.655237
10730.000000 11817.133054
10923.000000 12066.996821
11274.000000 12372.349084
11895.000000 12669.929375
12444.000000 12981.148930
12804.000000 13250.291371
12882.000000 13731.430718
12874.000000 13891.492045
12988.000000 13845.487748
12939.000000 13831.083138
12947.000000 13767.066466
13160.000000 13930.996143
13433.000000 14325.642709
13402.000000 14573.273494
13438.000000 14529.952491
14068.000000 14148.015388
14119.000000 14235.301104
13335.000000 13849.995237
12543.000000 12749.173314
12161.000000 12056.902599
11610.000000 11556.397827
11220.000000 11569.047859
11087.000000 11448.483993
11137.000000 11447.409826
11447.000000 11337.208763
11963.000000 11315.721505
12418.000000 12193.143286
13161.000000 13072.526029
13585.000000 13617.279910
13956.000000 13779.834590
13998.000000 13942.027423
13997.000000 13839.975491
13894.000000 13718.369185
13785.000000 13725.643147
13618.000000 13848.406879
13592.000000 14071.742891
13787.000000 14054.473315
13622.000000 14103.888534
13338.000000 13965.024457
13827.000000 13611.682257
13784.000000 13752.845016
13115.000000 13877.223606
12234.000000 13192.599107
12581.000000 12535.795267
11968.000000 12233.726236
11690.000000 12081.941717
11530.000000 12027.802804
11745.000000 12237.231155
12520.000000 12688.495219
13804.000000 13448.385378
14564.000000 14595.414883
15005.000000 15533.659742
15284.000000 15863.890463
15549.000000 15915.598736
15671.000000 16038.987800
15809.000000 15940.936063
15783.000000 15820.137281
15498.000000 15768.674802
15064.000000 15617.283534
14966.000000 15426.276235
14777.000000 15257.471856
14613.000000 14988.509573
14518.000000 14634.396296
14897.000000 14546.213008
14944.000000 14785.264023
14083.000000 14745.203931
13088.000000 13778.829431
12344.000000 12724.917365
11882.000000 12076.936092
11639.000000 12058.588188
11496.000000 12173.190330
11801.000000 12441.833285
12647.000000 13120.639467
14179.000000 14077.003413
14869.000000 15316.655717
14980.000000 15954.687251
15059.000000 16015.900640
15222.000000 15865.178936
15324.000000 16065.686309
15423.000000 16212.704361
15552.000000 16022.522536
15557.000000 15809.484045
15531.000000 15757.240150
15558.000000 15837.702988
15395.000000 16007.813152
15226.000000 16070.122901
15169.000000 15829.930726
15663.000000 15507.528762
15565.000000 15667.485880
14618.000000 15238.512727
13457.000000 13917.732745
12393.000000 12325.213839
11929.000000 11984.436315
11692.000000 12110.322882
11660.000000 12348.773741
12050.000000 12594.530407
12701.000000 13156.313314
14106.000000 13924.233567
14678.000000 14942.978496
14968.000000 15355.768349
15039.000000 15340.691019
15182.000000 15193.577712
15156.000000 15441.785031
15044.000000 15719.112868
15144.000000 15580.687920
15104.000000 15598.295861
15029.000000 15615.032962
15054.000000 15590.964500
14864.000000 15713.240557
14805.000000 15593.436441
14742.000000 15422.503578
15367.000000 15096.176794
15499.000000 15229.352690
14423.000000 15084.911967
13222.000000 13795.729739
12624.000000 12537.043067
12167.000000 12233.086572
12046.000000 12480.689200
12026.000000 12750.436715
12321.000000 12951.099968
13157.000000 13312.332079
14692.000000 14008.628299
15488.000000 15353.956439
15499.000000 16158.135257
15497.000000 15953.687767
15434.000000 15622.039024
15301.000000 15582.425425
15193.000000 15608.338704
15186.000000 15407.688666
15225.000000 15246.814233
15044.000000 15306.556801
15035.000000 15404.442711
14900.000000 15510.911543
14827.000000 15420.392810
14734.000000 15197.998383
15359.000000 14946.880914
15413.000000 15243.335264
14337.000000 15007.549567
13182.000000 13735.176150
11397.000000 12555.741968
11093.000000 11351.410100
10792.000000 11514.945588
10903.000000 11835.554404
11091.000000 12206.581625
11804.000000 12668.743222
13326.000000 13254.917417
14158.000000 14535.456379
14630.000000 15121.978025
14964.000000 15337.776301
15198.000000 15301.796869
15148.000000 15522.583797
15236.000000 15705.392352
15303.000000 15585.367363
15186.000000 15623.646100
14892.000000 15466.531392
14696.000000 15340.229101
14674.000000 15449.907365
14659.000000 15415.132184
14712.000000 15293.539048
15296.000000 14896.453634
15442.000000 15056.136412
14414.000000 14893.128838
13306.000000 13481.743756
11493.000000 11938.917637
10938.000000 10976.171842
10439.000000 10930.998335
10176.000000 11136.660817
10218.000000 11180.746364
10504.000000 11344.488964
10775.000000 11694.830499
11062.000000 12148.710084
11835.000000 12610.065621
12402.000000 13099.114520
12668.000000 13389.552724
12632.000000 13535.086868
12628.000000 13594.352642
12508.000000 13463.273122
12328.000000 13277.067935
12250.000000 13150.384142
12308.000000 13263.631252
12377.000000 13652.225862
12614.000000 13811.158433
12843.000000 13996.656503
13638.000000 13784.091066
13608.000000 14075.020128
12895.000000 13703.325522
12181.000000 12622.129950
11791.000000 11833.722955
11156.000000 11320.047573
10813.000000 11197.587515
10574.000000 11015.539755
10526.000000 11092.780771
10767.000000 11008.751893
11059.000000 10963.777837
11433.000000 11618.319577
12340.000000 12340.506913
13205.000000 12993.152056
13540.000000 13472.689649
13732.000000 13623.258425
13677.000000 13451.240726
13737.000000 13228.212896
13713.000000 13373.493482
13880.000000 13679.980282
13943.000000 14096.813421
13959.000000 14207.780900
13799.000000 14262.936558
13759.000000 14180.050949
14376.000000 13986.783457
14268.000000 14178.960215
13494.000000 14112.523210
12467.000000 13339.752643
12033.000000 12576.866196
11486.000000 11750.105063
11096.000000 11527.810170
11057.000000 11317.833491
11038.000000 11457.669779
11429.000000 11780.704881
12485.000000 12268.158495
13107.000000 13375.086044
13531.000000 14220.908655
13964.000000 14682.701004
14256.000000 14848.385948
14371.000000 15089.121081
14349.000000 14968.975996
14421.000000 14839.115234
14438.000000 14903.451217
14445.000000 15042.454902
14430.000000 15226.868385
14417.000000 15251.825940
14209.000000 15055.821766
14048.000000 14784.332711
14303.000000 14527.349078
14341.000000 14622.048964
13556.000000 14377.683094
12678.000000 13295.711755
12623.000000 12198.644637
12123.000000 12153.207162
11748.000000 12250.396771
11704.000000 12241.085436
11824.000000 12361.858075
12607.000000 12841.828843
14100.000000 13754.404477
14780.000000 14877.396209
14996.000000 15436.668232
15226.000000 15496.628393
15569.000000 15596.080240
15650.000000 15916.881432
15747.000000 16075.799089
15895.000000 15999.132323
15721.000000 16061.212996
15453.000000 15992.332046
15580.000000 15887.012073
15336.000000 15863.588231
15086.000000 15571.099631
15010.000000 15090.781102
15542.000000 14892.476543
15375.000000 15421.352426
14278.000000 15147.988195
12969.000000 13948.401206
12526.000000 12544.916518
12079.000000 12170.199209
11922.000000 12337.151327
11765.000000 12501.013765
12023.000000 12731.419582
12888.000000 13266.547344
14436.000000 14117.883270
15377.000000 15414.927843
15506.000000 16289.221065
15505.000000 16310.524313
15625.000000 16123.579747
15484.000000 16254.979993
15434.000000 16385.406670
15445.000000 16014.892096
15380.000000 15687.951200
15308.000000 15707.493029
15140.000000 15883.515345
15041.000000 15809.792302
14969.000000 15740.844626
14896.000000 15505.801607
15633.000000 15297.564764
15706.000000 15471.953272
14761.000000 15229.360472
13400.000000 13989.894914
12878.000000 12513.737390
12506.000000 12401.093786
12518.000000 12747.956126
12551.000000 13075.523198
12966.000000 13438.213596
14055.000000 13990.456371
15899.000000 15042.487442
16482.000000 16616.872617
16343.000000 17068.874060
16025.000000 16604.921012
15854.000000 15948.356775
15619.000000 15851.247250
15430.000000 15896.458532
15502.000000 15597.271792
15388.000000 15534.245787
15123.000000 15487.307038
15169.000000 15353.208218
15040.000000 15615.023994
14844.000000 15623.028520
15058.000000 15304.709263
15819.000000 15245.782836
15694.000000 15724.237260
14701.000000 15390.163895
13426.000000 13925.650994
12929.000000 12579.306086
12934.000000 12597.930339
13092.000000 13406.292611
13219.000000 14147.475564
13734.000000 14534.156910
14748.000000 15093.862590
16643.000000 15913.706548
17482.000000 17177.730193
17142.000000 17865.106745
16751.000000 17254.755271
16394.000000 16463.049581
15985.000000 16293.374588
15802.000000 16184.293163
15595.000000 15897.886075
15271.000000 15579.706557
14977.000000 15371.830269
14837.000000 15402.874839
14772.000000 15339.309833
14689.000000 15253.616538
14692.000000 15092.837741
15646.000000 14785.539578
15687.000000 15287.743955
14745.000000 15239.219592
13722.000000 14114.517707
13085.000000 13006.254034
12745.000000 13006.682336
12694.000000 13506.661847
12753.000000 13970.858869
12837.000000 14226.238204
13259.000000 14367.802467
13770.000000 14697.501787
14212.000000 15195.915640
14548.000000 15280.402942
14568.000000 15154.039753
14005.000000 14803.657595
13645.000000 14409.742877
13463.000000 14268.239264
13140.000000 13971.063691
12833.000000 13674.344506
12647.000000 13464.432519
12587.000000 13425.753545
12623.000000 13559.957878
12626.000000 13682.921453
13030.000000 13606.671344
14359.000000 13728.421772
14589.000000 14538.032555
14103.000000 14618.759331
13340.000000 13967.371529
12247.000000 13116.805184
11783.000000 12416.624243
11440.000000 12278.522296
11433.000000 12313.890969
11551.000000 12279.411896
11889.000000 12180.631525
12575.000000 12178.092962
13282.000000 13123.584944
13989.000000 14116.336935
14594.000000 14387.718399
14964.000000 14329.428499
14902.000000 14537.617296
14691.000000 14516.419249
14414.000000 14157.156996
14115.000000 13889.181379
13875.000000 13686.927260
13801.000000 13694.837112
13745.000000 13915.268552
13720.000000 14228.857521
13964.000000 14474.975202
14729.000000 14482.191137
14879.000000 14928.665491
14359.000000 14848.785813
13787.000000 13899.319476
13066.000000 12888.174750
12673.000000 12394.255531
12394.000000 12390.507273
12357.000000 12505.511297
12686.000000 12720.901706
13314.000000 13191.011549
14750.000000 13974.763040
15802.000000 15322.725399
15750.000000 16572.892096
15780.000000 16678.131623
15712.000000 16412.987339
15502.000000 15985.965165
15558.000000 15508.529090
15524.000000 15335.721854
15470.000000 15376.878490
15215.000000 15477.848649
14940.000000 15541.569800
14733.000000 15519.507208
14454.000000 15423.657276
14502.000000 15156.006102
14732.000000 14926.282772
14580.000000 15161.922593
13916.000000 14802.459583
12905.000000 13761.158145
13705.000000 12558.767005
13398.000000 12940.996953
13237.000000 13562.602028
13270.000000 13902.849975
13604.000000 14358.237686
14574.000000 15032.371356
16182.000000 15940.150938
16934.000000 16973.169826
16765.000000 17379.484584
16443.000000 16951.780420
16188.000000 16474.188933
15811.000000 16426.222448
15627.000000 16243.293468
15485.000000 16012.792242
15227.000000 15788.317729
14998.000000 15622.082600
14907.000000 15524.419508
14957.000000 15211.869776
15084.000000 15016.964894
15368.000000 14931.388288
16043.000000 15095.838847
15723.000000 15693.629634
14791.000000 15432.634647
13764.000000 14385.873566
13822.000000 13811.504575
13529.000000 13767.992166
13378.000000 14063.237120
13419.000000 14185.236806
13707.000000 14375.131988
14621.000000 14957.139951
16213.000000 15688.067142
16884.000000 16863.452783
16707.000000 17491.183306
16410.000000 16966.601436
16202.000000 16378.244228
15975.000000 16150.405241
15816.000000 16013.598187
15615.000000 15760.914361
15409.000000 15438.649390
15071.000000 15533.886902
14894.000000 15511.065808
14776.000000 15442.602968
14801.000000 15539.900653
15123.000000 15429.167190
16197.000000 15549.216579
16063.000000 15987.146999
15355.000000 15644.279533
14406.000000 14681.287946
13989.000000 13535.110166
13659.000000 13864.309381
13463.000000 14224.612877
13446.000000 14402.295071
13827.000000 14453.374779
14712.000000 14809.132367
16536.000000 15653.931462
17263.000000 17022.751627
16989.000000 17644.977778
16682.000000 17105.494172
16492.000000 16416.380580
16250.000000 16341.692371
16143.000000 16376.598815
15969.000000 16059.822613
15766.000000 15775.273348
15332.000000 15575.259976
15209.000000 15391.403591
15059.000000 15386.058078
15086.000000 15538.869989
15415.000000 15666.996514
16409.000000 15885.611082
16409.000000 16498.721879
15565.000000 16216.217370
14547.000000 14896.148416
12071.000000 13580.731705
11690.000000 12242.284773
11538.000000 12215.777296
11611.000000 12649.554278
11734.000000 13020.595484
12577.000000 13269.408871
14121.000000 14026.419365
15140.000000 15314.677370
15378.000000 16086.899593
15325.000000 16016.925966
15712.000000 15595.061089
15630.000000 15819.120797
15575.000000 16057.452379
15656.000000 15870.055743
15603.000000 15733.944064
15543.000000 15595.729335
15676.000000 15684.187198
15755.000000 16239.461525
15857.000000 16700.236864
16193.000000 16755.240414
16708.000000 16424.428403
16512.000000 16623.497424
15624.000000 15896.299869
14724.000000 14291.788613
11707.000000 12663.437585
11315.000000 11089.739513
11255.000000 11127.592903
11168.000000 11712.886984
11399.000000 11992.641585
11608.000000 12243.824792
12078.000000 12526.786485
12627.000000 13267.511504
13019.000000 13765.986371
13054.000000 13835.503867
13082.000000 13658.868618
13099.000000 13513.617072
13177.000000 13644.303074
12965.000000 13855.297626
12800.000000 13901.727734
12954.000000 13863.048879
12983.000000 14157.484811
13332.000000 14692.598310
13512.000000 15058.230583
14450.000000 15103.615804
14365.000000 14944.193989
13592.000000 14687.306364
12689.000000 13679.622324
11868.000000 12295.902872
11640.000000 11427.513493
11324.000000 11235.393607
11169.000000 11612.310225
11234.000000 11868.099409
11683.000000 12165.469060
12068.000000 12174.870236
12673.000000 12249.018746
13441.000000 12989.407386
13886.000000 13904.188963
14228.000000 14131.171843
14004.000000 14100.797566
13936.000000 14038.238004
13715.000000 13521.534742
13552.000000 13266.820939
13476.000000 13413.566439
13579.000000 13765.699216
13674.000000 14164.716720
13845.000000 14227.894586
14260.000000 14150.865772
14251.000000 14390.598758
13750.000000 13871.532338
13122.000000 13134.792617
12374.000000 12542.116725
12789.000000 12009.710447
12331.000000 13048.135527
12347.000000 12319.701137
12257.000000 12366.106082
12586.000000 12686.499088
13732.000000 13303.285939
15100.000000 14490.074360
15771.000000 15583.167073
15775.000000 16435.381085
15658.000000 16406.095342
15763.000000 16164.422529
15601.000000 16012.158096
15538.000000 15627.215322
15494.000000 15243.266791
15316.000000 15485.609982
15124.000000 15701.462733
14910.000000 15700.316350
14802.000000 15443.374145
14769.000000 15119.632667
15234.000000 14939.302736
15015.000000 14881.008250
14657.000000 14834.663177
13797.000000 14384.792261
12703.000000 13464.283625
14000.000000 12642.089984
13898.000000 13428.504616
13896.000000 14322.225054
13954.000000 14593.419261
14405.000000 14921.979273
15355.000000 15708.015280
16952.000000 16698.288217
17369.000000 17586.985063
16973.000000 17730.416175
16473.000000 17178.938466
16210.000000 16674.438774
15855.000000 16606.813179
15629.000000 16276.537959
15574.000000 16045.747707
15315.000000 15820.093040
15010.000000 15806.643260
14926.000000 15613.608774
14898.000000 15341.546532
15046.000000 15146.751064
16082.000000 15014.513150
16024.000000 15849.153330
15645.000000 15935.029209
14574.000000 15247.075755
13519.000000 14247.278759
14021.000000 13674.708114
13831.000000 14420.853365
13708.000000 14747.361125
13692.000000 14853.039442
13970.000000 14808.909240
15059.000000 15133.754221
16556.000000 16200.114114
17159.000000 17262.539269
16865.000000 17561.699170
16664.000000 16933.968889
16481.000000 16443.154224
16096.000000 16389.733668
15986.000000 16195.247378
15908.000000 15938.122391
15568.000000 15719.079119
15421.000000 15749.000421
15225.000000 15695.058450
15342.000000 15594.482969
15587.000000 15850.131936
16505.000000 15952.714495
16562.000000 16573.186715
16271.000000 16392.867660
15481.000000 15658.563786
14613.000000 14734.985601
14214.000000 13761.225908
13954.000000 14207.624724
13940.000000 14426.012262
13894.000000 14646.769452
14146.000000 14671.084450
14969.000000 15013.293548
16417.000000 15835.740990
17151.000000 17084.702953
17228.000000 17551.973750
17146.000000 17325.561486
17045.000000 16825.194753
16842.000000 16618.237241
16575.000000 16703.820395
16561.000000 16458.030879
16457.000000 16390.842904
16245.000000 16554.303418
16247.000000 16375.889295
16430.000000 16555.477169
16842.000000 16954.819603
17356.000000 17090.261404
17105.000000 17443.340286
16734.000000 16990.422418
15659.000000 16302.769595
14678.000000 14980.614830
14889.000000 13773.192348
14903.000000 14435.599919
14968.000000 15064.632437
15163.000000 15406.352651
15637.000000 15622.428303
16780.000000 16117.579938
18210.000000 17316.403448
18700.000000 18693.558106
18331.000000 19140.241542
17796.000000 18406.732611
17342.000000 17504.072725
16892.000000 16961.342258
16466.000000 16639.825636
16238.000000 16431.704478
16016.000000 16346.738417
15651.000000 16410.036758
15559.000000 16394.633559
15746.000000 16305.610598
16340.000000 16417.558185
17202.000000 16461.623493
17200.000000 17014.084565
16744.000000 16885.048165
15906.000000 16079.529004
15019.000000 15170.921178
14473.000000 14744.627090
14165.000000 14803.474291
13998.000000 15042.426619
13999.000000 15298.153037
13953.000000 15424.232972
14234.000000 15504.939430
14514.000000 15605.464443
14859.000000 15706.947721
15434.000000 15585.143594
15559.000000 15672.961971
15404.000000 15654.775700
15155.000000 15435.033708
15056.000000 15262.717469
14926.000000 15169.757972
14635.000000 15215.052214
14473.000000 15206.846174
14538.000000 15078.586702
14826.000000 15244.590410
15375.000000 15699.117819
16495.000000 16091.003258
16670.000000 16662.598386
16462.000000 16417.448463
15885.000000 15922.156248
15280.000000 15296.501817
14608.000000 14702.052551
14432.000000 14480.252530
14282.000000 14380.544971
14209.000000 14337.086718
14237.000000 14159.933486
14735.000000 13966.676027
15187.000000 14391.715087
15780.000000 15316.630538
16323.000000 16138.409998
16780.000000 16406.609923
16791.000000 16371.433881
16738.000000 16145.701096
16411.000000 16028.203341
16086.000000 15745.885652
15685.000000 15532.149891
15604.000000 15536.011786
15582.000000 15616.841377
15683.000000 15907.134586
16059.000000 16216.333132
16779.000000 16577.876389
16730.000000 17051.067264
16453.000000 16826.476063
15848.000000 16182.438171
15119.000000 15388.855489
14793.000000 14656.735893
14380.000000 14567.623917
14233.000000 14468.644617
14309.000000 14479.978151
14644.000000 14747.494516
15702.000000 15227.744947
17210.000000 16318.793913
17931.000000 17808.783170
17904.000000 18501.253974
17866.000000 18425.007854
17838.000000 18073.506257
17470.000000 17754.034006
17271.000000 17138.939270
17115.000000 16849.121356
16876.000000 16894.372752
16488.000000 16997.699984
16447.000000 16834.047668
16472.000000 16815.578766
16930.000000 16871.758548
17437.000000 16999.598978
17298.000000 17428.490851
17049.000000 17157.376445
16435.000000 16477.573583
15389.000000 15492.289051
16132.000000 14611.584317
15884.000000 15138.318203
15940.000000 15752.845349
15906.000000 16207.435422
16354.000000 16608.257186
17231.000000 17355.821442
18918.000000 18334.318649
19488.000000 19324.399358
18915.000000 19546.269590
18235.000000 18786.315388
17713.000000 18032.640552
17143.000000 17427.544455
16817.000000 17061.836791
16600.000000 16804.435286
16355.000000 16651.017221
16136.000000 16591.324117
16174.000000 16638.857840
16367.000000 16675.170461
16911.000000 16773.131038
17710.000000 16859.532990
17697.000000 17537.941443
17248.000000 17505.403338
16385.000000 16843.049007
15448.000000 15887.443769
16352.000000 15401.375957
16103.000000 16226.009432
16051.000000 16736.335080
16213.000000 16900.835888
16600.000000 17129.909179
17528.000000 17591.540313
19063.000000 18459.489792
19430.000000 19468.696302
19185.000000 19418.734909
18786.000000 18602.781823
18595.000000 17916.306227
18169.000000 17782.597614
17919.000000 17583.579508
17654.000000 17337.018640
17298.000000 17175.847176
17022.000000 17315.071589
17058.000000 17179.125553
17294.000000 17147.163266
17783.000000 17384.694925
18657.000000 17654.676245
18798.000000 18237.033269
18449.000000 18075.584185
17652.000000 17444.045507
16698.000000 16747.472486
15578.000000 16107.762404
15326.000000 15829.025364
15160.000000 15827.408757
15258.000000 16005.090297
15441.000000 16029.640385
16455.000000 16259.712361
18184.000000 17115.785058
18784.000000 18574.576704
18984.000000 19186.172369
19074.000000 19029.535511
19268.000000 18738.883364
19141.000000 18727.281861
18964.000000 18811.791492
18883.000000 18591.522953
18706.000000 18458.794890
18650.000000 18482.046375
18684.000000 18492.395759
18853.000000 18873.214118
19209.000000 19347.209279
19748.000000 19532.104225
19587.000000 19662.590980
18909.000000 19218.035548
17999.000000 18064.276634
16953.000000 16589.777342
14541.000000 15122.237306
14488.000000 14215.217799
14756.000000 14303.115363
14829.000000 14980.217687
15267.000000 15364.242693
16362.000000 15879.705130
18009.000000 17091.943221
18636.000000 18676.922683
18444.000000 19190.297702
18472.000000 18803.787487
18322.000000 18352.549788
17950.000000 18145.278765
17727.000000 17986.393012
17597.000000 17858.028857
17399.000000 17940.249127
17174.000000 17919.921513
17273.000000 17816.022655
17693.000000 18264.523786
18190.000000 18741.399831
18826.000000 18763.530121
18616.000000 18629.635178
18161.000000 18100.101079
17010.000000 17186.093869
16179.000000 15596.651035
14572.000000 14585.019692
14337.000000 14109.448595
14276.000000 14507.283817
14336.000000 14964.487742
14526.000000 15431.235266
14879.000000 15622.283590
15291.000000 15822.482761
15702.000000 16217.552399
15912.000000 16220.789134
15667.000000 16126.964414
15231.000000 15654.661812
14842.000000 15210.257688
14460.000000 14905.098942
14157.000000 14759.207099
13836.000000 14734.580902
13548.000000 14661.810535
13738.000000 14720.441480
14048.000000 15070.973236
14782.000000 15315.596155
16019.000000 15650.746534
16213.000000 16071.744211
16114.000000 15999.476221
15535.000000 15455.056186
14992.000000 14925.037772
14608.000000 14894.252343
14513.000000 14358.053264
14500.000000 14544.522083
14661.000000 14937.093470
14819.000000 15127.385339
15312.000000 15019.442614
15987.000000 15073.590184
16405.000000 16005.760897
16539.000000 16476.152306
16449.000000 16072.081343
16251.000000 15753.716761
15807.000000 15401.736263
15426.000000 14734.087278
15094.000000 14370.716374
14585.000000 14259.500125
14290.000000 14191.225327
14311.000000 14187.166078
14501.000000 14402.655913
15071.000000 14870.510408
16100.000000 15404.917113
16219.000000 16050.047480
16038.000000 16034.178669
15616.000000 15658.274436
14984.000000 15072.922462
14179.000000 14930.139019
13990.000000 14275.155686
13827.000000 14324.607720
13802.000000 14494.368323
14036.000000 14674.179616
14999.000000 15023.333706
16654.000000 15826.551825
17183.000000 17217.095530
17249.000000 17731.252484
17183.000000 17623.633241
17361.000000 17306.433437
16989.000000 17078.597964
16797.000000 16606.557596
16546.000000 16329.255748
16184.000000 16213.532895
15872.000000 16155.956956
15781.000000 16004.999604
15756.000000 16188.115323
16231.000000 16314.544774
16978.000000 16553.279030
16970.000000 17096.580227
16709.000000 16961.164312
16134.000000 16308.225677
15346.000000 15173.176357
15036.000000 14304.901894
14734.000000 14334.316216
14540.000000 14606.963190
14455.000000 14777.467746
14679.000000 15103.556593
15665.000000 15656.680781
17271.000000 16747.395765
17911.000000 17914.786776
17665.000000 18295.371093
17182.000000 17859.319477
16889.000000 17272.181401
16568.000000 16861.293493
16419.000000 16554.248120
16327.000000 16399.093250
15965.000000 16416.438654
15756.000000 16343.876010
15793.000000 16284.766315
16003.000000 16411.384522
16668.000000 16682.532084
17384.000000 17019.057886
17275.000000 17534.817897
16977.000000 17308.257832
15971.000000 16556.474510
14942.000000 15390.062976
15203.000000 14561.650756
14953.000000 14746.544652
14866.000000 15173.829566
14804.000000 15437.397383
15095.000000 15651.534730
16069.000000 16036.483834
17754.000000 16850.398055
18123.000000 18276.487114
17964.000000 18363.109388
17685.000000 17680.718740
17536.000000 17065.718703
17255.000000 17016.363650
16860.000000 16876.396541
16662.000000 16601.662453
16316.000000 16418.894765
15918.000000 16469.214274
15889.000000 16409.778248
15857.000000 16482.480958
16710.000000 16495.182157
17622.000000 16785.565922
17693.000000 17413.570852
17403.000000 17275.211818
16540.000000 16519.779994
15557.000000 15589.506607
12997.000000 15102.566245
12668.000000 13638.230822
12756.000000 13376.038572
12768.000000 13739.990414
13083.000000 13968.963315
14072.000000 14266.279479
15881.000000 15177.464417
16880.000000 16720.876757
17122.000000 17503.109877
17191.000000 17578.243513
17291.000000 17329.723137
17129.000000 17152.208461
16920.000000 17034.119081
16874.000000 16788.409340
16614.000000 16782.663307
16285.000000 16564.310877
16394.000000 16265.496792
16584.000000 16904.815415
17302.000000 17673.840352
18129.000000 18151.574555
18077.000000 18246.581039
17661.000000 17694.609429
16783.000000 16696.178247
15825.000000 15058.903726
12197.000000 13413.074023
11874.000000 11692.449487
11795.000000 11613.544444
11855.000000 12351.630096
12141.000000 12846.514342
12966.000000 13171.236963
14801.000000 14081.837590
15572.000000 15890.414174
15715.000000 16491.630180
15757.000000 16340.018760
15828.000000 15892.795244
16018.000000 15717.368045
16069.000000 16032.322803
15959.000000 16179.443642
15670.000000 16372.516024
15399.000000 16163.619144
15393.000000 16130.913329
15446.000000 16810.654116
16045.000000 16996.645924
16605.000000 17268.962747
16276.000000 16925.400472
15736.000000 16187.848847
14886.000000 15106.567012
13882.000000 13483.994185
12074.000000 12401.555396
11716.000000 11292.295939
11496.000000 11619.320877
11420.000000 12299.479160
11370.000000 12663.963992
11574.000000 12631.539002
12004.000000 12716.218184
12391.000000 13231.396816
12995.000000 13463.282511
13464.000000 13653.594196
13559.000000 13967.532526
13625.000000 14108.308680
13509.000000 13980.856915
13372.000000 13968.358304
13175.000000 14110.316573
13198.000000 14066.858191
13255.000000 14230.743203
13566.000000 14453.950306
14105.000000 14582.429699
14772.000000 14791.098333
14639.000000 14775.412361
14280.000000 14379.978964
13474.000000 13705.795578
12733.000000 12906.158295
13215.000000 13006.655314
12907.000000 12709.658397
12773.000000 12790.036256
12760.000000 12716.984042
12854.000000 12799.279884
13284.000000 12867.896169
13929.000000 12950.929915
14331.000000 14129.702149
14963.000000 14861.420022
15217.000000 15182.118036
15242.000000 15207.339889
15015.000000 14928.444673
14699.000000 14377.407707
14624.000000 14156.063590
14331.000000 14256.265784
14065.000000 14435.545579
13924.000000 14432.385009
13930.000000 14288.082328
14346.000000 14169.306299
14825.000000 14404.777231
14558.000000 14809.057238
14202.000000 14439.470103
13503.000000 13833.782519
12714.000000 13438.644252
13395.000000 13471.886615
12925.000000 13479.708959
12646.000000 13448.256326
12593.000000 13249.238037
12925.000000 13440.229430
13964.000000 14035.327326
15541.000000 14993.708866
16243.000000 16393.303053
16173.000000 17076.842781
16283.000000 16914.999810
16370.000000 16780.554372
16314.000000 16563.659699
16193.000000 16304.853582
16004.000000 16144.460148
15761.000000 15990.151777
15392.000000 15946.022700
15414.000000 15672.717875
15237.000000 15535.313532
15609.000000 15436.686774
15981.000000 15480.912004
15809.000000 15938.685083
15496.000000 15690.403797
14769.000000 15057.208553
13834.000000 14132.872459
14440.000000 13220.002507
13931.000000 13846.977042
13851.000000 14070.200136
13860.000000 14234.277678
14191.000000 14518.557072
15102.000000 15267.982567
16723.000000 16380.775825
17326.000000 17516.775539
17052.000000 17729.289970
16790.000000 17362.903966
16842.000000 16931.069260
16612.000000 16908.752104
16363.000000 16883.455748
16166.000000 16464.145347
15929.000000 16294.563614
15777.000000 16316.233680
15839.000000 16274.105771
15896.000000 16237.321511
16437.000000 16326.760086
16957.000000 16524.634529
16611.000000 17040.929083
16156.000000 16598.824056
15059.000000 15785.759648
14177.000000 14632.778285
15743.000000 13762.999313
15503.000000 15298.196514
15401.000000 15989.856213
15456.000000 15981.525515
15733.000000 15965.952879
16621.000000 16466.100192
18237.000000 17482.951297
18804.000000 18707.173513
18505.000000 19008.564666
18062.000000 18276.615692
17641.000000 17583.386078
17356.000000 17148.523180
17146.000000 17053.954527
16937.000000 16827.351115
16727.000000 16681.564885
16543.000000 16983.560651
16794.000000 16931.386357
17112.000000 17040.610515
17486.000000 17189.677876
17752.000000 17228.690357
17639.000000 17376.202383
17236.000000 17043.567923
16289.000000 16487.540987
15184.000000 15855.911635
15997.000000 15251.343205
15670.000000 16106.987635
15634.000000 16331.203205
15676.000000 16402.674672
16031.000000 16426.992838
17078.000000 16890.569924
18736.000000 17907.911216
19293.000000 19231.876156
18906.000000 19611.588268
18525.000000 18802.436953
18121.000000 17876.162748
17611.000000 17595.195096
17169.000000 17595.177433
16754.000000 17224.800144
16383.000000 16829.063882
16040.000000 16750.859961
16063.000000 16580.255091
16239.000000 16604.736834
17329.000000 16711.920634
18257.000000 17233.557885
18301.000000 18153.658854
18084.000000 17995.832838
17275.000000 17431.795121
16422.000000 16440.314318
14273.000000 15548.612972
14151.000000 14786.069506
14036.000000 14765.212035
14286.000000 15030.903496
14638.000000 15261.961446
15789.000000 15721.566657
17440.000000 16819.340677
18171.000000 18168.608819
18217.000000 18554.167015
18376.000000 18311.113956
18433.000000 17937.455405
18351.000000 17675.751911
18193.000000 17759.072493
18316.000000 17547.254291
18077.000000 17686.072002
17876.000000 17670.594064
18103.000000 17464.234906
18460.000000 18297.327691
18895.000000 19321.331435
19219.000000 19610.325551
18954.000000 19163.532082
18350.000000 18410.480139
17454.000000 17244.599981
16580.000000 15760.760512
15216.000000 14211.226734
15098.000000 14294.925432
15131.000000 14742.122580
15244.000000 15445.613400
15427.000000 15851.880823
15857.000000 16156.625221
16379.000000 16642.088893
16644.000000 17156.623597
16745.000000 17308.611099
16503.000000 17092.676540
15804.000000 16538.290565
15236.000000 15891.196559
14909.000000 15677.642195
14524.000000 15679.363529
14155.000000 15618.105533
14112.000000 15507.025948
14442.000000 15648.241853
15014.000000 16066.159664
16016.000000 16270.673835
16631.000000 16802.084539
16455.000000 16928.681525
16148.000000 16424.737547
15510.000000 15854.512544
14892.000000 15246.592769
16297.000000 15196.186654
15959.000000 15948.779625
15844.000000 16377.203487
15949.000000 16287.237428
16143.000000 16396.050945
16674.000000 16365.704476
17384.000000 16512.196569
17919.000000 17288.091842
18170.000000 17734.142377
17890.000000 17378.477395
17483.000000 16725.603087
16831.000000 16144.985404
16283.000000 15472.372883
15806.000000 15040.301603
15244.000000 15003.275141
14850.000000 15066.504783
14914.000000 14994.292191
15107.000000 14918.505628
16064.000000 15100.181092
16801.000000 15625.886369
16947.000000 16262.557723
16792.000000 16327.584256
16375.000000 16121.980095
15774.000000 16131.987982
14989.000000 16438.281929
14733.000000 15395.676395
14700.000000 15142.801932
14731.000000 15283.173534
15084.000000 15555.330027
16074.000000 16048.616860
17752.000000 16966.912835
18465.000000 18455.595220
18663.000000 19025.741373
18690.000000 18963.452356
18609.000000 18694.432522
18515.000000 18151.629079
18255.000000 17824.048166
18210.000000 17566.186978
17815.000000 17549.166773
17516.000000 17372.166001
17514.000000 17114.309149
17699.000000 17500.830051
18390.000000 18075.211779
18732.000000 18626.025653
18702.000000 18820.213132
18550.000000 18394.689026
17852.000000 17712.817124
16926.000000 16503.766690
14175.000000 15010.608176
13847.000000 13871.542066
13668.000000 13687.472586
13596.000000 14125.850503
13774.000000 14519.120697
14667.000000 14974.079519
16269.000000 16066.673275
17063.000000 17236.336987
16961.000000 17726.549512
16928.000000 17628.970004
16854.000000 17193.961591
16705.000000 17040.903265
16537.000000 17147.597576
16355.000000 17112.647338
16235.000000 17066.886241
16104.000000 16887.304095
16245.000000 16859.474093
16570.000000 17543.418645
17357.000000 17952.262586
17833.000000 18411.438380
17624.000000 18342.010256
17431.000000 17810.825637
16583.000000 16910.038151
15645.000000 15384.786908
14708.000000 14002.325489
14332.000000 13723.772909
14148.000000 14043.002060
14163.000000 14438.514443
14511.000000 14731.568239
15473.000000 15153.228012
17232.000000 16005.562780
17856.000000 17453.396198
17636.000000 17818.922244
17302.000000 17267.511160
17293.000000 16647.098056
17000.000000 16485.485341
16643.000000 16387.306047
16415.000000 16143.962854
16341.000000 16273.643753
16108.000000 16398.747000
16045.000000 16550.845065
16198.000000 16681.032700
17008.000000 16712.076395
17465.000000 17163.867180
17317.000000 17167.270874
16913.000000 16787.001611
15955.000000 16046.695895
14925.000000 15012.288946
15688.000000 14687.018743
15243.000000 14855.079906
15053.000000 15405.879194
15068.000000 15594.493039
15393.000000 15884.990544
16197.000000 16446.791346
17973.000000 17114.477541
18696.000000 18384.328129
18443.000000 18889.678325
18203.000000 18299.497662
17952.000000 17897.947951
17417.000000 17582.440410
17084.000000 17063.842456
16708.000000 16778.326963
16318.000000 16603.953194
15915.000000 16571.270517
15902.000000 16373.659414
16187.000000 16271.342508
17202.000000 16454.779604
17790.000000 17057.125366
17624.000000 17527.107662
17275.000000 17058.321628
16360.000000 16446.019603
15324.000000 15692.954845
16593.000000 15328.500748
16417.000000 16048.225230
16504.000000 16607.709402
16436.000000 16811.149680
16813.000000 16879.298810
17806.000000 17462.323047
19480.000000 18467.158208
20135.000000 19873.928195
19922.000000 20338.311638
19603.000000 19774.296762
19419.000000 18907.213043
19091.000000 18486.739733
18592.000000 18293.794763
18236.000000 17808.522413
17836.000000 17459.191874
17432.000000 17577.502532
17631.000000 17529.925735
17879.000000 17704.985371
18711.000000 18001.516792
19168.000000 18380.529505
18907.000000 18716.687790
18431.000000 18266.081830
17391.000000 17514.626518
16361.000000 16584.028570
14611.000000 15934.147851
14519.000000 15223.677890
14506.000000 15260.056387
14639.000000 15519.705409
14821.000000 15687.486951
15204.000000 16079.770793
15831.000000 16632.378428
16377.000000 17271.559518
16812.000000 17498.433953
16893.000000 17533.902746
16598.000000 17217.024235
16269.000000 16729.628739
16115.000000 16592.891086
15843.000000 16513.269040
15430.000000 16440.400499
15299.000000 16314.526852
15504.000000 16176.721235
16133.000000 16718.225052
17371.000000 17455.405120
18324.000000 18253.187694
18410.000000 18507.039857
18149.000000 17984.258579
17519.000000 17203.736690
16971.000000 16288.790934
15273.000000 15190.433831
14894.000000 14926.728641
14612.000000 14705.069625
14649.000000 14858.039628
14705.000000 14800.807885
15005.000000 14580.629172
15547.000000 14824.358839
16066.000000 15625.017664
16441.000000 16236.640743
16681.000000 16311.088906
16421.000000 15945.825398
16013.000000 15474.950393
15573.000000 15280.417213
15112.000000 14958.389000
14731.000000 14902.068541
14684.000000 14867.679939
14786.000000 15015.517238
15160.000000 15706.564285
15963.000000 16319.070914
16439.000000 17059.109325
16518.000000 17044.346045
16289.000000 16637.936636
15820.000000 16137.902764
15225.000000 15432.722787
15585.000000 14884.322608
15294.000000 14906.300419
15221.000000 15166.440662
15389.000000 15408.246275
15711.000000 15806.146413
16718.000000 16264.831755
18571.000000 17111.931141
19299.000000 18645.264558
19030.000000 19337.693830
18541.000000 18863.666563
18226.000000 17974.247085
17779.000000 17301.739645
17320.000000 16662.865336
16994.000000 16380.247564
16505.000000 16424.732103
16157.000000 16341.057803
16052.000000 16283.074980
16222.000000 16134.486261
17110.000000 16101.956746
17676.000000 16646.539349
17778.000000 17244.254470
17484.000000 17273.910087
16906.000000 16775.410819
16025.000000 16035.027119
15169.000000 15804.234714
14739.000000 14913.031745
14629.000000 15022.994374
14676.000000 15356.712576
14996.000000 15845.487122
15981.000000 16608.527318
17693.000000 17627.105010
18426.000000 18691.908366
18168.000000 18856.578311
17814.000000 18353.045891
17516.000000 17918.730194
17134.000000 17546.006778
16792.000000 17167.091059
16695.000000 16854.794109
16373.000000 16758.606978
16170.000000 16625.777883
16257.000000 16563.289754
16577.000000 16922.204398
17634.000000 17462.364212
18291.000000 18144.968617
18216.000000 18440.229378
17961.000000 18043.676923
17216.000000 17200.604328
16277.000000 16068.240246
15994.000000 14956.972816
15676.000000 15209.320525
15519.000000 15593.543528
15486.000000 15854.423766
15782.000000 16068.011502
16650.000000 16486.542361
18208.000000 17258.990858
18975.000000 18453.893832
18735.000000 18911.539423
18427.000000 18365.077716
18240.000000 17565.856432
17806.000000 17262.555252
17535.000000 17171.050669
17464.000000 17037.704571
17188.000000 17168.831697
16867.000000 17254.785799
16960.000000 17233.278606
17395.000000 17475.108343
18085.000000 17947.718755
18426.000000 18375.826297
18205.000000 18345.093101
17697.000000 17863.155293
16916.000000 16985.878294
15930.000000 16108.414634
16355.000000 15517.749727
16025.000000 15926.080338
15906.000000 16255.082439
15874.000000 16409.743848
16140.000000 16569.119205
17106.000000 16950.614315
18754.000000 17803.858606
19542.000000 19158.671588
19275.000000 19756.387657
19107.000000 19207.765271
18802.000000 18556.545405
18349.000000 18153.181371
17925.000000 17955.442823
17503.000000 17681.638349
17072.000000 17481.983717
16654.000000 17337.011104
16598.000000 17154.165232
16987.000000 17089.838048
18199.000000 17244.770264
18998.000000 17987.940878
18940.000000 18593.781480
18594.000000 18293.759037
17798.000000 17688.785999
16697.000000 16882.096042
16824.000000 16207.998398
16691.000000 16413.601742
16637.000000 16760.403719
16727.000000 16943.615914
16953.000000 17064.874341
17768.000000 17550.271381
19031.000000 18439.179868
19636.000000 19500.675861
19870.000000 19898.716480
19823.000000 19723.368767
19683.000000 19239.245287
19361.000000 18833.531527
19078.000000 18466.742826
18688.000000 18136.653366
18353.000000 17973.800860
17993.000000 18011.573137
18025.000000 17961.458491
18540.000000 18241.727467
19478.000000 19014.678533
19886.000000 19649.977891
19677.000000 19692.339035
19100.000000 19037.659023
18151.000000 18034.014485
17167.000000 17073.205915
17860.000000 16332.064639
17613.000000 17308.316652
17586.000000 17722.910976
17619.000000 17851.096804
17897.000000 17910.999956
18227.000000 18285.592506
18679.000000 18783.494675
19197.000000 19270.811269
19464.000000 19723.792702
19183.000000 19538.862819
18531.000000 18903.005333
18080.000000 18051.868003
17709.000000 17717.442032
17156.000000 17528.019774
16636.000000 17310.783482
16404.000000 17272.380993
16504.000000 17252.482164
17149.000000 17336.324858
18284.000000 17739.164130
18822.000000 18449.610306
18669.000000 18844.160744
18355.000000 18263.747551
17792.000000 17664.752918
17277.000000 17450.221087
15482.000000 17286.609620
15123.000000 16138.834150
15124.000000 15656.646421
15170.000000 15843.075722
15269.000000 15968.857744
15669.000000 15840.542445
16490.000000 16170.567096
17481.000000 17131.103774
18404.000000 17871.216913
19107.000000 18386.452259
19247.000000 18426.346783
19184.000000 18200.005051
18832.000000 18130.086075
18435.000000 17965.515488
18044.000000 17858.823692
17987.000000 17694.187220
18178.000000 17568.297347
18492.000000 18209.190854
19466.000000 18844.612388
19862.000000 19477.758337
19654.000000 19413.229168
19374.000000 18838.702100
18918.000000 18239.686153
18334.000000 17463.107785
13589.000000 16202.181322
13188.000000 13430.388531
13082.000000 12553.342965
13205.000000 13043.684261
13527.000000 13484.950267
14521.000000 13970.049278
16312.000000 15241.183608
17375.000000 17101.725409
17555.000000 18268.528964
17728.000000 18584.474293
17742.000000 18232.860715
17672.000000 17664.008203
17516.000000 17496.542288
17393.000000 17522.543313
17208.000000 17793.298108
16967.000000 17548.847197
16957.000000 17436.237400
17251.000000 18217.728230
18034.000000 18859.549446
18189.000000 19447.379036
18100.000000 18790.014069
17728.000000 18105.189023
17096.000000 17088.184756
16134.000000 15318.730080
14633.000000 13589.476867
14205.000000 12872.790651
14095.000000 13366.315334
14142.000000 14301.952813
14353.000000 15118.333338
15428.000000 15681.541687
17111.000000 16526.403269
18043.000000 17530.956995
17789.000000 17931.276685
17276.000000 17467.461862
16980.000000 16888.627482
16587.000000 16568.047125
16196.000000 16271.541180
16138.000000 16149.651626
15933.000000 16324.361089
15835.000000 16167.729318
15806.000000 16472.524787
15975.000000 16642.806676
16658.000000 16458.879164
16818.000000 16771.361465
16598.000000 16588.304799
16196.000000 16160.029971
15415.000000 15424.572437
14334.000000 14526.158272
15629.000000 14629.021105
15454.000000 14559.177250
15412.000000 15386.041605
15439.000000 15819.110509
15814.000000 16308.896170
16836.000000 16994.020944
18585.000000 17611.977662
19302.000000 18937.483774
18744.000000 19256.746769
18246.000000 18252.375739
17778.000000 17568.063435
17234.000000 17163.340452
16769.000000 16589.474347
16412.000000 16352.434935
16162.000000 16192.318588
15967.000000 16288.495920
15993.000000 16322.253996
16385.000000 16081.932749
17285.000000 16099.102247
17547.000000 16599.324646
17435.000000 16862.478870
17152.000000 16625.026824
16351.000000 16160.237449
15375.000000 15709.378739
17421.000000 15750.490365
17076.000000 16967.350660
16961.000000 17537.555994
16934.000000 17458.650066
17251.000000 17504.844124
18165.000000 18023.086232
19855.000000 18891.503548
20517.000000 20059.491371
19974.000000 20491.080431
19423.000000 19685.287632
18858.000000 18674.074274
18190.000000 18063.328991
17705.000000 17599.873498
17338.000000 17149.491130
16764.000000 16960.997529
16260.000000 16893.360013
16299.000000 16647.522059
16549.000000 16515.550195
17761.000000 16741.086741
18188.000000 17499.505759
18189.000000 18101.638301
18060.000000 17878.918843
17368.000000 17470.656336
16279.000000 17059.571640
16483.000000 16342.803698
16317.000000 16741.756492
16266.000000 17035.979446
16430.000000 17158.884142
16754.000000 17199.514254
17788.000000 17685.140361
19352.000000 18730.736465
20224.000000 19924.845289
20090.000000 20494.616887
19899.000000 19991.518708
19830.000000 19172.282169
19710.000000 18763.862904
19612.000000 18970.372094
19472.000000 18835.956903
19215.000000 18607.209774
18912.000000 18592.881517
18923.000000 18474.578358
19291.000000 18774.538585
20284.000000 19496.040127
20491.000000 20135.039845
20321.000000 20148.525145
20023.000000 19541.664366
19019.000000 18757.015907
17970.000000 17617.354199
15352.000000 16203.658306
15023.000000 15335.308849
14961.000000 15158.662699
14918.000000 15611.685409
15032.000000 15667.746653
15313.000000 15834.310532
15900.000000 16373.516458
16400.000000 16997.938767
16893.000000 17320.294969
17147.000000 17548.046612
17082.000000 17422.327582
16919.000000 17197.265354
16834.000000 17465.137689
16574.000000 17494.609647
16403.000000 17509.412860
16477.000000 17356.294653
16666.000000 17349.974477
17300.000000 18133.268262
18267.000000 18857.898528
18688.000000 19540.136133
18564.000000 19222.023188
18305.000000 18434.956885
17599.000000 17592.704185
16991.000000 16540.452670
15224.000000 15340.833489
14885.000000 14707.873551
14762.000000 14574.416226
14818.000000 14774.752305
15050.000000 14902.815789
15430.000000 14814.694981
15979.000000 15208.248235
16677.000000 15948.840573
17286.000000 16769.627237
17770.000000 17095.681051
17991.000000 16971.012785
18017.000000 16849.050457
17829.000000 16908.127155
17508.000000 16937.921110
17203.000000 17083.979598
16987.000000 17080.104308
17103.000000 17105.397369
17286.000000 17499.756853
18089.000000 17658.961388
18135.000000 18264.643485
17910.000000 17863.141207
17425.000000 17218.123670
16834.000000 16601.859658
16062.000000 15945.654082
17217.000000 15598.571594
16943.000000 15961.127145
16833.000000 16429.401253
16763.000000 16632.611305
17056.000000 16807.133321
17981.000000 17272.484962
19653.000000 18072.910357
20476.000000 19601.404597
20297.000000 20554.284356
19705.000000 20362.156904
19209.000000 19674.214731
18742.000000 18934.400830
18332.000000 18158.114292
17912.000000 17800.607888
17432.000000 17620.297658
17082.000000 17457.414199
17165.000000 17498.928220
17526.000000 17302.540665
18222.000000 17359.478923
18148.000000 17692.780065
17878.000000 17795.268281
17654.000000 17442.681310
16929.000000 17150.341267
16024.000000 16603.020272
16888.000000 16510.408212
16654.000000 16506.378085
16574.000000 16885.556915
16627.000000 17113.662715
17072.000000 17525.802351
18131.000000 18498.511406
19797.000000 19619.330862
20665.000000 20635.575032
20359.000000 20853.982614
19989.000000 20113.556018
19628.000000 19355.626767
19265.000000 18900.248976
18841.000000 18702.013447
18528.000000 18452.459061
17993.000000 18165.618754
17729.000000 17960.567827
17844.000000 17808.218951
18530.000000 17931.947052
19820.000000 18272.943458
20051.000000 19054.946004
20055.000000 19348.155642
19798.000000 19111.805797
18903.000000 18529.284019
17851.000000 17762.343621
16689.000000 16810.565033
16391.000000 16479.685934
16194.000000 16520.097813
16091.000000 16702.511507
16480.000000 16729.259826
17390.000000 17196.891896
18987.000000 18188.586460
19754.000000 19476.567039
19478.000000 19970.742688
19190.000000 19571.263913
18891.000000 18699.884180
18512.000000 18140.428964
18177.000000 18105.380755
18071.000000 17884.343710
17854.000000 17881.563322
17720.000000 17914.250241
17971.000000 17997.697459
18474.000000 18799.373595
19467.000000 19622.970859
19712.000000 20245.557858
19683.000000 20014.764684
19332.000000 19305.240221
18461.000000 18444.279709
17548.000000 17211.833041
16740.000000 15905.001069
16432.000000 16054.614012
16281.000000 16358.641163
16386.000000 16693.510699
16740.000000 16947.781751
17697.000000 17399.654663
19304.000000 18324.393462
20223.000000 19424.802592
20006.000000 19984.892870
19639.000000 19439.347191
19211.000000 18550.744647
18698.000000 18060.920838
18321.000000 18039.756966
18086.000000 17928.719280
17721.000000 18011.923487
17564.000000 17868.015483
17677.000000 17886.548646
18301.000000 18095.562165
19419.000000 18598.962642
19699.000000 19497.016162
19586.000000 19374.250913
19175.000000 18843.329031
18368.000000 18147.996878
17299.000000 17265.075468
16446.000000 16479.963109
16295.000000 15874.843470
16187.000000 16225.512519
16168.000000 16679.500556
16524.000000 16882.470257
17535.000000 17387.082180
19239.000000 18303.985440
19980.000000 19691.730229
19912.000000 20191.406453
19519.000000 19707.670039
19330.000000 18860.109567
18885.000000 18408.644585
18512.000000 18203.910203
18074.000000 18009.744030
17719.000000 17890.613639
17404.000000 17770.554292
17431.000000 17756.087933
18074.000000 18093.312215
19300.000000 18631.125886
19583.000000 19389.343385
19534.000000 19238.928163
19149.000000 18762.635340
18318.000000 18046.956727
17304.000000 16990.460579
15199.000000 16229.266956
14829.000000 15028.265167
14826.000000 14974.444249
14776.000000 15404.505595
14956.000000 15725.279765
15167.000000 16025.924393
15645.000000 16378.447850
16269.000000 16726.476416
16934.000000 17058.084440
17388.000000 17307.685415
17378.000000 17346.670226
17421.000000 17047.006513
17502.000000 17049.003678
17517.000000 17256.595902
17419.000000 17590.435079
17363.000000 17600.746890
17528.000000 17734.747738
17946.000000 18341.711957
18467.000000 18932.970458
18306.000000 19237.161366
18295.000000 18413.483419
18086.000000 17616.074482
17717.000000 16950.465637
17016.000000 16376.304211
14036.000000 15669.773362
13693.000000 13783.908985
13412.000000 13368.679102
13280.000000 13619.994618
13254.000000 13678.073424
13661.000000 13374.065936
14342.000000 13596.590036
15143.000000 14713.735668
15834.000000 15743.770746
16382.000000 16364.760561
16645.000000 16369.161772
16782.000000 16505.704906
16668.000000 16810.364008
16635.000000 17010.227541
16434.000000 17115.127806
16411.000000 16752.214961
16562.000000 16693.283857
17044.000000 17116.605354
17655.000000 17538.484491
17546.000000 18131.218067
17441.000000 17670.655451
17068.000000 17281.324466
16450.000000 16703.178361
15734.000000 15593.474915
14538.000000 14520.515897
14090.000000 13434.309350
13874.000000 13267.366797
13765.000000 13554.606440
13900.000000 13847.052875
14740.000000 14292.341853
16375.000000 15096.258367
17259.000000 16623.026018
17198.000000 17598.335795
17132.000000 17549.994657
17134.000000 17256.409923
16848.000000 16936.066584
16651.000000 16432.103636
16442.000000 16317.846615
16215.000000 16428.117746
15872.000000 16394.653489
15689.000000 16471.167179
15886.000000 16479.755289
16709.000000 16462.234253
16763.000000 16909.546801
16623.000000 16639.150308
16450.000000 16257.979224
15797.000000 15782.831973
14878.000000 15049.559361
15234.000000 14609.933231
14916.000000 14239.673957
14702.000000 14751.075145
14659.000000 15026.208101
14943.000000 15501.763021
15840.000000 16248.825868
17459.000000 17102.711597
18411.000000 18077.968501
17991.000000 18546.043306
17681.000000 18042.629197
17408.000000 17575.237927
16911.000000 17204.351201
16796.000000 16695.567362
16564.000000 16517.507870
16566.000000 16465.343216
16438.000000 16471.693423
16619.000000 16564.121539
17112.000000 16722.215676
17749.000000 17108.832626
17812.000000 17513.564511
17581.000000 17427.173357
17164.000000 17038.420053
16240.000000 16361.078063
15184.000000 15491.306737
15799.000000 14980.782556
15492.000000 15236.482871
15384.000000 15596.417117
15397.000000 15843.245013
15809.000000 16104.163980
16760.000000 16765.013996
18522.000000 17680.752972
19509.000000 18979.350391
19186.000000 19614.144636
18680.000000 18950.565199
18274.000000 17995.492169
17679.000000 17574.675929
17174.000000 17373.653781
16844.000000 17087.716825
16502.000000 16953.245772
16204.000000 17002.966165
16294.000000 16921.819237
16858.000000 16879.435533
18011.000000 17149.198492
18126.000000 17888.612358
18029.000000 17916.697536
17794.000000 17432.045638
16827.000000 16946.549241
15828.000000 16151.126242
14569.000000 15382.079363
14159.000000 14786.529249
14130.000000 14780.187429
14145.000000 15095.505468
14544.000000 15268.776165
15521.000000 15799.976456
17401.000000 16811.825147
18545.000000 18226.028731
18542.000000 19071.683901
18470.000000 18689.025956
18478.000000 18019.032515
18403.000000 17685.689358
18267.000000 17799.538163
18321.000000 17868.795852
18098.000000 17905.564624
18028.000000 17946.167608
18164.000000 17941.940584
18577.000000 18502.640637
19252.000000 19197.284955
19163.000000 19462.025874
18976.000000 18913.680401
18441.000000 18166.827393
17501.000000 17232.655854
16430.000000 15920.234390
13386.000000 14432.025852
13116.000000 12991.375805
13207.000000 13004.032986
13362.000000 13777.447979
13723.000000 14264.076335
14854.000000 14712.561661
16666.000000 15826.541082
17745.000000 17413.286303
17590.000000 18309.777036
17398.000000 18054.822491
17141.000000 17340.893117
16833.000000 17061.039866
16628.000000 17219.060447
16466.000000 17225.270979
16284.000000 17252.393554
16151.000000 17041.875088
16418.000000 16950.261226
16938.000000 17578.381799
17711.000000 18111.972934
17763.000000 18633.886277
17674.000000 17935.199260
17252.000000 17233.413136
16256.000000 16454.959789
15350.000000 14866.178729
13312.000000 13570.384172
12929.000000 12646.531212
12730.000000 12906.466885
12595.000000 13543.815755
12490.000000 13830.337415
12612.000000 13927.872179
13124.000000 13991.388817
13773.000000 14338.654314
14394.000000 14630.246609
14634.000000 14710.762480
14643.000000 14517.158579
14426.000000 14412.575729
14297.000000 14443.573674
14039.000000 14557.019229
13823.000000 14760.607469
13655.000000 14643.451699
13905.000000 14796.146947
14528.000000 15177.211056
15320.000000 15585.911844
15462.000000 16093.543167
15380.000000 15548.133481
15085.000000 15003.617524
14438.000000 14458.787340
13853.000000 13889.620336
14689.000000 13816.709597
14325.000000 13887.694367
14179.000000 14036.852362
14082.000000 13999.804230
14205.000000 14008.220916
14572.000000 14019.042351
15150.000000 14196.530819
15945.000000 15121.605216
16311.000000 16264.320606
16369.000000 16339.275501
16068.000000 15995.735699
15466.000000 15408.428311
14858.000000 14639.762859
14413.000000 14205.802255
14019.000000 14061.839919
13710.000000 14076.397030
13765.000000 14118.296474
14335.000000 14105.324552
15470.000000 14435.818949
15282.000000 15336.096150
15260.000000 15284.275096
15016.000000 14981.679229
14454.000000 14790.347296
13895.000000 14607.402772
16750.000000 14805.471673
16503.000000 16097.485485
16431.000000 16619.564973
16569.000000 16475.652714
16933.000000 16787.905884
17933.000000 17589.121710
19659.000000 18490.240846
20630.000000 19854.917831
20214.000000 20682.057228
19556.000000 20136.309116
19022.000000 18973.383399
18107.000000 18003.893427
17515.000000 17030.280293
17050.000000 16547.497589
16624.000000 16360.851569
16267.000000 16443.780468
16271.000000 16353.429156
16901.000000 16098.699083
17750.000000 16446.307169
17788.000000 16905.255167
17642.000000 17345.546256
17300.000000 17110.275868
16605.000000 16808.357314
15614.000000 16500.080418
16563.000000 16062.963084
16259.000000 16734.197201
16131.000000 17009.739500
16181.000000 17113.420031
16413.000000 17315.883940
17269.000000 18128.057404
18993.000000 19260.850724
20005.000000 20091.432799
19662.000000 20439.931153
19312.000000 19797.159669
18929.000000 18880.329933
18526.000000 18353.676681
18190.000000 18329.655975
17833.000000 18118.054501
17332.000000 17914.630832
16974.000000 17767.068767
17054.000000 17471.611309
17818.000000 17553.417014
19020.000000 18151.200599
19289.000000 19073.083334
19352.000000 19180.032104
19082.000000 18821.682984
18336.000000 18262.384190
17450.000000 17407.489344
15440.000000 16133.366805
15065.000000 15638.823062
14961.000000 15398.425473
14969.000000 15604.140911
15439.000000 15593.137670
16449.000000 16064.475745
18064.000000 17286.158622
19117.000000 18539.749127
19062.000000 19343.774685
18939.000000 19118.722583
19034.000000 18287.054105
18813.000000 18126.684928
18771.000000 18365.862582
18716.000000 18324.858516
18500.000000 18333.269401
18387.000000 18291.972086
18627.000000 18314.999161
19180.000000 19109.828324
19935.000000 20140.437376
19979.000000 20701.245282
19741.000000 20162.067078
19134.000000 19279.155064
18344.000000 18136.873457
17328.000000 16767.732838
15189.000000 15057.350543
14840.000000 14427.335371
14831.000000 14583.083888
14989.000000 15238.941373
15355.000000 15770.669814
16317.000000 16186.228619
18053.000000 17092.729223
19002.000000 18445.181743
18810.000000 19265.059543
18477.000000 18830.005712
18139.000000 18038.324379
17831.000000 17604.851807
17500.000000 17752.727514
17259.000000 17778.836111
17040.000000 17853.333832
16950.000000 17693.515772
17155.000000 17734.435806
17782.000000 18110.871954
18585.000000 18622.918189
18641.000000 19165.979314
18326.000000 18506.949433
17915.000000 17745.078302
17129.000000 17029.406817
16234.000000 15925.758188
14650.000000 15183.078091
14390.000000 14113.683048
14260.000000 14373.747415
14244.000000 14950.014820
14521.000000 15262.167850
15443.000000 15677.212108
17200.000000 16437.196627
18164.000000 17759.284818
18073.000000 18433.088787
18097.000000 17939.051103
18050.000000 17399.641152
17852.000000 17313.512025
17558.000000 17199.354399
17422.000000 17241.938801
17060.000000 17382.202331
16770.000000 17189.151524
16749.000000 17112.452343
17298.000000 17306.610881
18327.000000 17663.377126
18348.000000 18241.088012
18224.000000 17787.340715
17838.000000 17336.666312
16876.000000 16673.680149
15986.000000 15632.537596
14274.000000 15033.346406
14069.000000 13772.691753
13918.000000 13862.158417
13901.000000 14241.360690
13997.000000 14639.763437
14205.000000 15005.531649
14654.000000 15258.020742
15287.000000 15745.476416
15831.000000 16167.687682
16039.000000 16472.575958
15811.000000 16381.021750
15695.000000 15915.192763
15620.000000 15728.421901
15526.000000 15811.964125
15548.000000 15912.390807
15647.000000 15972.449299
16004.000000 16277.726917
16695.000000 16959.235505
17273.000000 17685.560855
17240.000000 18049.253128
17070.000000 17414.208709
16539.000000 16589.545277
15968.000000 15737.148099
15172.000000 15103.879935
13843.000000 14650.456934
13476.000000 13616.236286
13286.000000 13376.341393
13023.000000 13567.387316
13038.000000 13544.236001
13348.000000 13370.685601
13715.000000 13488.935020
14475.000000 14242.181612
15161.000000 15103.257477
15664.000000 15386.226508
15937.000000 15364.641302
15777.000000 15457.716768
15520.000000 15500.607233
15236.000000 15535.441311
14936.000000 15698.381755
14623.000000 15577.838521
14602.000000 15451.350432
15332.000000 15417.232450
16303.000000 15785.771997
16225.000000 16586.367957
16218.000000 16225.385527
15896.000000 15823.593451
15474.000000 15485.015444
14844.000000 14948.243666
14785.000000 14522.470896
14381.000000 14146.616692
14194.000000 14073.830344
14196.000000 13962.783890
14461.000000 14170.722103
15285.000000 14686.693947
16921.000000 15474.052120
17895.000000 16971.589323
17627.000000 18147.684442
17240.000000 18109.131484
16997.000000 17456.373495
16650.000000 16656.007004
16309.000000 16011.091545
16064.000000 15733.052295
15801.000000 15656.417205
15530.000000 15576.676549
15581.000000 15675.459389
16097.000000 15964.305926
16553.000000 16467.674799
16497.000000 16743.939426
16405.000000 16552.601981
16094.000000 16223.317079
15497.000000 15736.531947
14579.000000 15032.950067
16767.000000 14303.811701
16273.000000 15533.093331
16301.000000 16274.552103
16182.000000 16690.562789
16520.000000 16994.863985
17384.000000 17826.545706
19086.000000 18842.821087
19748.000000 19672.916676
19411.000000 19778.886817
19034.000000 18928.106534
18417.000000 18240.977118
17790.000000 17856.360736
17215.000000 17405.596923
16679.000000 17069.220976
16189.000000 16700.819038
15891.000000 16580.018410
15989.000000 16543.896399
16622.000000 16148.025151
17586.000000 16285.468396
17721.000000 16992.593911
17641.000000 17335.991853
17324.000000 17148.012759
16355.000000 16739.850567
15447.000000 16225.196798
14843.000000 16065.836048
14541.000000 15504.241127
14511.000000 15404.060741
14587.000000 15404.211873
15101.000000 15603.030013
16336.000000 16398.815756
18197.000000 17596.885839
19247.000000 19059.462468
19334.000000 19870.364762
19393.000000 19572.980991
19542.000000 18886.746495
19422.000000 18644.956748
19354.000000 18715.985441
19180.000000 18612.839504
18973.000000 18519.015529
18728.000000 18606.326393
18930.000000 18486.337746
19517.000000 18991.281121
20241.000000 19853.535209
20220.000000 20185.482290
19886.000000 19734.968982
19413.000000 18847.808046
18417.000000 17848.039190
17474.000000 16664.896000
14704.000000 15061.729798
14261.000000 14290.253283
13977.000000 14071.950115
14031.000000 14512.517469
14276.000000 14796.341902
15155.000000 15268.362286
16773.000000 16253.522903
17842.000000 17616.020655
17861.000000 18506.732862
17755.000000 18397.565407
17777.000000 17881.634038
17625.000000 17704.719892
17509.000000 18104.371312
17314.000000 18158.672119
17112.000000 18203.648164
17008.000000 17983.395087
17337.000000 17918.700411
17922.000000 18631.132086
18303.000000 19318.677822
18240.000000 19512.892355
17916.000000 18641.861563
17372.000000 17808.105499
16577.000000 16884.404556
15557.000000 15494.279794
15433.000000 13984.448567
15204.000000 14245.255707
15201.000000 14849.970807
15330.000000 15447.623771
15654.000000 15766.640424
16320.000000 16186.713192
17459.000000 16903.593059
18535.000000 17831.670861
18816.000000 18556.925939
18767.000000 18297.065713
18704.000000 17743.976830
18382.000000 17638.549446
17952.000000 17590.663823
17567.000000 17485.048821
17097.000000 17342.669842
16668.000000 17194.481550
16701.000000 17113.871499
17356.000000 16972.641380
18321.000000 17166.449288
18439.000000 17734.458381
18110.000000 17547.099762
17662.000000 16970.347116
16658.000000 16530.501501
15475.000000 15902.288080
15603.000000 15810.955780
15268.000000 15321.296418
15067.000000 15492.901944
15075.000000 15504.822181
15196.000000 15723.007165
15476.000000 16087.175302
15929.000000 16382.080401
16593.000000 17058.382500
16871.000000 17706.547453
16813.000000 17733.744379
16488.000000 17284.382190
16150.000000 16594.983734
15855.000000 16009.278754
15365.000000 15855.310908
15060.000000 15551.318882
14942.000000 15515.105566
15196.000000 15689.678073
16375.000000 16152.671076
17222.000000 17239.220278
17350.000000 17744.236701
17211.000000 17444.508503
16925.000000 16740.000581
16426.000000 16148.293948
15901.000000 15816.322605
13989.000000 15504.072653
13770.000000 14305.511853
13723.000000 13886.295332
13751.000000 14156.869540
14098.000000 14352.174513
14664.000000 14549.504525
15262.000000 15039.528004
16182.000000 15672.715194
16868.000000 16441.497710
17604.000000 16879.935804
17999.000000 16861.176530
17930.000000 16832.152678
17888.000000 16930.231509
17616.000000 17070.410817
17481.000000 17200.326709
17322.000000 17230.943859
17525.000000 17181.243618
17990.000000 17742.107390
18440.000000 18216.506676
18351.000000 18533.632334
18077.000000 18028.122920
17723.000000 17309.521962
16962.000000 16808.219879
16207.000000 15902.432377
14860.000000 14601.347346
14384.000000 14158.580790
14233.000000 13999.827281
14086.000000 14219.373947
14370.000000 14435.486479
15232.000000 14888.075414
16778.000000 15874.821904
17830.000000 17250.576572
17823.000000 18462.700375
17498.000000 18579.580609
17181.000000 17995.657033
16834.000000 17393.514278
16614.000000 17119.444671
16302.000000 17070.342998
16116.000000 16965.868197
16046.000000 16814.027518
16251.000000 16929.855419
16812.000000 17119.525405
16998.000000 17588.454550
16819.000000 17725.067565
16452.000000 17181.478954
16055.000000 16523.430598
15431.000000 15835.303427
14584.000000 14897.027501
15100.000000 14143.241935
14809.000000 14092.573480
14792.000000 14603.972088
14714.000000 15126.477227
15140.000000 15585.174043
16314.000000 16445.137309
18131.000000 17606.718034
19031.000000 18717.262155
18703.000000 19045.452010
18257.000000 18132.789335
17640.000000 17378.422757
17046.000000 16962.616970
16564.000000 16509.733404
16160.000000 16371.599355
15860.000000 16166.724557
15575.000000 16141.254802
15536.000000 16097.507904
16404.000000 15882.821077
17361.000000 16086.596170
17564.000000 16634.556226
17508.000000 16781.129303
17192.000000 16606.388097
16438.000000 16314.531769
15515.000000 15661.558952
14351.000000 15398.518749
13951.000000 14439.390168
13748.000000 14342.077428
13656.000000 14588.708177
13814.000000 14867.606715
14634.000000 15410.881793
16156.000000 16107.682627
16983.000000 17144.844034
16806.000000 17646.743707
16762.000000 17219.964821
16840.000000 16609.589443
16729.000000 16395.031240
16657.000000 16365.626319
16643.000000 16483.079026
16589.000000 16566.841703
16573.000000 16611.230033
16723.000000 16741.338637
17557.000000 17394.603370
17993.000000 18443.528907
18088.000000 18636.413002
17843.000000 18143.170429
17496.000000 17340.384818
16605.000000 16546.132820
15733.000000 15431.401542
14682.000000 14179.951597
14446.000000 14048.809877
14289.000000 14285.775504
14401.000000 14631.626818
14715.000000 14770.018950
15647.000000 15154.713414
17385.000000 16050.373995
18396.000000 17447.706628
18244.000000 18370.026051
17913.000000 18046.407381
17629.000000 17362.407753
17288.000000 17059.551873
17076.000000 17115.139426
16752.000000 17168.776039
16532.000000 17048.057449
16414.000000 16958.707427
16700.000000 17005.648610
17480.000000 17315.203357
17978.000000 17911.424016
17934.000000 18312.718313
17634.000000 17855.966468
17194.000000 17242.625040
16225.000000 16528.912667
15208.000000 15481.823637
13823.000000 14565.552679
13537.000000 13644.215477
13435.000000 13794.452196
13429.000000 14292.608346
13776.000000 14626.883740
14728.000000 15134.684792
16481.000000 16054.701707
17383.000000 17491.874334
17269.000000 18176.847310
17014.000000 17563.714419
17055.000000 16769.230160
16963.000000 16655.242184
16840.000000 16818.677148
16716.000000 16909.576424
16587.000000 16948.601522
16490.000000 16975.616390
16572.000000 17126.613614
17527.000000 17339.839000
18078.000000 18059.540436
18014.000000 18225.627021
17701.000000 17600.036789
17328.000000 16858.048838
16517.000000 16192.792146
15441.000000 15150.212928
15068.000000 14185.705990
14706.000000 14115.259362
14619.000000 14568.704156
14564.000000 14887.987823
14548.000000 15121.721602
14813.000000 15354.757752
15305.000000 15611.429593
15876.000000 15965.656897
16443.000000 16330.760049
16523.000000 16493.435923
15991.000000 16329.183694
15650.000000 15863.713493
15349.000000 15628.433894
15080.000000 15758.411743
14647.000000 15692.596698
14541.000000 15475.890242
14760.000000 15511.923154
15635.000000 15820.419619
16376.000000 16495.353813
16324.000000 16904.335546
16308.000000 16496.359905
15937.000000 16003.000224
15226.000000 15590.250588
14419.000000 15135.945752
16349.000000 14862.436229
15883.000000 15853.665232
15701.000000 16085.604057
15476.000000 15838.784793
15757.000000 15637.078619
16091.000000 15896.997135
16596.000000 16099.517587
17260.000000 16878.634729
17777.000000 17758.038681
18151.000000 17741.338977
18218.000000 17274.558359
17989.000000 17075.269574
17547.000000 16882.426217
17140.000000 16646.738493
16717.000000 16394.449943
16461.000000 16494.666995
16621.000000 16609.197141
17519.000000 16397.767549
17949.000000 17035.214602
17747.000000 17320.064690
17551.000000 17289.758340
17265.000000 16719.552667
16535.000000 16452.377343
15778.000000 16381.602958
15796.000000 16266.790397
15369.000000 15921.824907
15162.000000 15547.839936
15199.000000 15316.206704
15437.000000 15483.460632
16395.000000 16033.479509
18073.000000 17078.794489
19018.000000 18615.858503
19128.000000 19649.777468
19247.000000 19851.873414
19250.000000 19496.672130
19035.000000 18987.413378
18891.000000 18693.496366
18781.000000 18557.732328
18755.000000 18598.141228
18600.000000 18694.128718
18794.000000 18661.115473
19372.000000 18939.754451
19607.000000 19447.132770
19420.000000 19548.042350
19154.000000 19177.304727
18710.000000 18655.293138
18034.000000 17951.778747
17093.000000 16969.396641
14738.000000 15383.959407
14293.000000 14436.209104
14075.000000 14139.441401
14053.000000 14551.997474
14194.000000 14829.227940
15181.000000 15536.681212
16743.000000 16805.725301
17802.000000 17752.883735
17873.000000 18319.179065
17790.000000 18191.352403
17894.000000 17746.495567
17936.000000 17773.083159
17896.000000 18320.620657
17881.000000 18518.828612
17713.000000 18624.117063
17699.000000 18380.972942
17954.000000 18294.771896
18714.000000 18717.648654
19010.000000 19502.390373
18968.000000 19618.568878
18812.000000 18902.998575
18299.000000 18320.634824
17432.000000 17557.793947
16499.000000 16158.488379
14436.000000 14544.272800
13957.000000 13631.367932
13811.000000 13614.634951
13709.000000 14076.962524
14044.000000 14384.712566
14826.000000 14804.875889
16369.000000 15555.906988
17314.000000 16860.683784
17502.000000 17606.471967
17352.000000 17430.562263
17342.000000 16978.356424
17118.000000 16954.067684
16864.000000 17022.423491
16675.000000 16967.437243
16412.000000 16885.525647
16135.000000 16804.650352
16388.000000 16801.068509
17320.000000 17240.626840
17696.000000 18004.514244
17706.000000 18210.522798
17581.000000 17548.146458
17195.000000 16941.876894
16366.000000 16300.067936
15408.000000 15281.750338
13650.000000 14500.235669
13392.000000 13108.837151
13112.000000 13223.894362
13147.000000 13606.836540
13459.000000 14159.255109
14469.000000 14558.984416
16042.000000 15379.783669
17057.000000 16747.431206
17221.000000 17662.566899
17190.000000 17480.810816
17316.000000 16937.812901
17181.000000 16798.631636
17203.000000 16716.376254
17135.000000 16918.313249
17005.000000 17014.871867
16919.000000 16902.090496
17057.000000 17144.782986
17808.000000 17572.880996
18161.000000 18155.375817
18088.000000 18264.223244
17810.000000 17568.391954
17347.000000 16925.984757
16338.000000 16165.643504
15272.000000 14981.984201
13599.000000 14107.633277
13136.000000 12921.894731
13000.000000 12893.518474
12904.000000 13404.365845
12980.000000 13833.585469
13426.000000 14233.275663
14147.000000 14577.660519
14723.000000 15268.010473
15086.000000 15676.958923
15549.000000 15726.645356
16063.000000 15814.198638
16171.000000 16199.872996
16082.000000 16454.996059
15909.000000 16620.037568
15729.000000 16642.189610
15558.000000 16568.704755
15560.000000 16543.029803
16355.000000 16666.184100
16651.000000 17288.723102
16594.000000 17337.524837
16357.000000 16614.667698
16108.000000 15885.108445
15176.000000 15339.908240
14333.000000 14452.665486
14287.000000 13810.503249
13932.000000 13724.038814
13713.000000 13942.138117
13656.000000 13791.524132
13635.000000 13775.233621
13850.000000 13821.373442
14199.000000 13992.523473
14662.000000 14573.036620
14952.000000 15312.381635
15119.000000 15588.938463
14925.000000 15468.997469
14636.000000 15155.467403
14475.000000 14655.687423
14161.000000 14589.283421
13841.000000 14426.249266
13748.000000 14327.364244
14018.000000 14484.552763
15141.000000 14735.918898
15748.000000 15536.606060
15813.000000 16017.878106
15638.000000 15855.105612
15381.000000 15385.334622
14743.000000 15036.192922
14565.000000 14682.741230
