13600.000000 13081.867188
12722.000000 13423.078125
12263.000000 12368.787109
12013.000000 12171.966797
11743.000000 12082.416992
12010.000000 11956.396484
12052.000000 12502.050781
12549.000000 12581.609375
13337.000000 13320.523438
14211.000000 14255.527344
15039.000000 15186.787109
15699.000000 15963.876953
16200.000000 16473.263672
16512.000000 16822.380859
16660.000000 16962.347656
16809.000000 16966.941406
16739.000000 17076.242188
16556.000000 16841.673828
16177.000000 16574.417969
15783.000000 16045.403320
15724.000000 15604.000000
15715.000000 15654.379883
14893.000000 15617.544922
13790.000000 14406.537109
14758.000000 13273.042969
13850.000000 14961.137695
13390.000000 13411.087891
13143.000000 13310.146484
13099.000000 13167.266602
13678.000000 13310.939453
14623.000000 14246.126953
15751.000000 15525.111328
16494.000000 16905.431641
17062.000000 17433.261719
17729.000000 17874.169922
18250.000000 18520.605469
18608.000000 18858.882812
18985.000000 19079.673828
19063.000000 19441.929688
19136.000000 19269.857422
18969.000000 19328.324219
18862.000000 18924.945312
18372.000000 18812.271484
17626.000000 17984.541016
17236.000000 17057.935547
17255.000000 16796.574219
16233.000000 16983.421875
14751.000000 15481.410156
14534.000000 13999.147461
13786.000000 14262.512695
13304.000000 13480.954102
13104.000000 13275.600586
13066.000000 13312.513672
13729.000000 13485.629883
14920.000000 14563.506836
15857.000000 16163.536133
16453.000000 17024.203125
16969.000000 17404.972656
17792.000000 17805.298828
18366.000000 18757.789062
18980.000000 19095.728516
19425.000000 19773.738281
19841.000000 20056.951172
19855.000000 20451.568359
20150.000000 20091.285156
19934.000000 20558.367188
19715.000000 19794.267578
19129.000000 19529.708984
18915.000000 18542.869141
19014.000000 18493.832031
18080.000000 18680.779297
15984.000000 17146.697266
14095.000000 14740.548828
13426.000000 13160.647461
12828.000000 12907.878906
12650.000000 12578.330078
12816.000000 12784.384766
13470.000000 13320.126953
14711.000000 14384.344727
15734.000000 16076.516602
16174.000000 16998.312500
16812.000000 17041.390625
17444.000000 17771.439453
18060.000000 18293.921875
18675.000000 18914.703125
19206.000000 19545.035156
19406.000000 20035.056641
19536.000000 19976.792969
19610.000000 20018.101562
19489.000000 19930.652344
19259.000000 19536.546875
18878.000000 19091.320312
18795.000000 18456.416016
18814.000000 18436.876953
17540.000000 18405.816406
15708.000000 16415.525391
13560.000000 14572.993164
12959.000000 12585.322266
12599.000000 12459.082031
12363.000000 12411.275391
12525.000000 12521.788086
13263.000000 13073.506836
14361.000000 14251.412109
15318.000000 15666.916992
15736.000000 16553.498047
16231.000000 16580.634766
16775.000000 17073.382812
17268.000000 17544.025391
17644.000000 17994.220703
18242.000000 18302.898438
18455.000000 19070.257812
18588.000000 18988.689453
18904.000000 19063.875000
18916.000000 19402.320312
18616.000000 19053.189453
18245.000000 18430.923828
17992.000000 17874.406250
18201.000000 17562.300781
16995.000000 17960.212891
15416.000000 15983.279297
12362.000000 14472.301758
11926.000000 11400.976562
11788.000000 11517.074219
11818.000000 11682.018555
12017.000000 12103.652344
12824.000000 12644.608398
14197.000000 13877.339844
15080.000000 15634.834961
15499.000000 16191.510742
15634.000000 16302.311523
16014.000000 16193.679688
16186.000000 16641.648438
16527.000000 16651.558594
16774.000000 17116.097656
16983.000000 17315.386719
17183.000000 17526.427734
17288.000000 17688.488281
17353.000000 17647.136719
17231.000000 17556.486328
16952.000000 17151.966797
16899.000000 16646.691406
17260.000000 16608.740234
16100.000000 17129.605469
14611.000000 15232.458984
11943.000000 13851.448242
11543.000000 11201.814453
11255.000000 11266.211914
11184.000000 11228.007812
11234.000000 11508.586914
11452.000000 11846.918945
11631.000000 12266.301758
11901.000000 12451.834961
12626.000000 12699.362305
13172.000000 13510.498047
13264.000000 13904.803711
13392.000000 13784.312500
13703.000000 13896.562500
13752.000000 14237.663086
13781.000000 14170.518555
13967.000000 14196.129883
14111.000000 14432.387695
14334.000000 14531.868164
14302.000000 14750.074219
14314.000000 14499.181641
14629.000000 14440.644531
14886.000000 14778.982422
14207.000000 14927.665039
13236.000000 13828.847656
12890.000000 12834.443359
12436.000000 12678.137695
12193.000000 12267.362305
12161.000000 12204.280273
12238.000000 12355.584961
12579.000000 12587.951172
12951.000000 13105.159180
13596.000000 13516.504883
14125.000000 14272.042969
14324.000000 14694.902344
14321.000000 14699.331055
14135.000000 14567.577148
13911.000000 14267.917969
13733.000000 14015.220703
13575.000000 13856.703125
13620.000000 13732.533203
13693.000000 13895.931641
13836.000000 14008.048828
13699.000000 14183.121094
13694.000000 13872.669922
13911.000000 13868.418945
14070.000000 14095.710938
13599.000000 14192.314453
12772.000000 13480.700195
13128.000000 12597.764648
12696.000000 13318.897461
12431.000000 12706.191406
12379.000000 12608.772461
12725.000000 12670.750000
13484.000000 13221.501953
14806.000000 14212.052734
15670.000000 15884.243164
15798.000000 16445.310547
15889.000000 16101.041016
15921.000000 16112.318359
15818.000000 16007.365234
15696.000000 15818.213867
15677.000000 15697.495117
15395.000000 15757.410156
15125.000000 15387.425781
14912.000000 15157.125977
14737.000000 14958.488281
14596.000000 14775.184570
14518.000000 14608.249023
14812.000000 14514.519531
15287.000000 14942.785156
14633.000000 15499.828125
13686.000000 14367.272461
12940.000000 13442.349609
12373.000000 12799.345703
12219.000000 12356.048828
12151.000000 12417.934570
12369.000000 12516.487305
13125.000000 12961.956055
14514.000000 14026.975586
15331.000000 15800.185547
15521.000000 16200.753906
15669.000000 15962.297852
15678.000000 15984.170898
15688.000000 15811.125977
15761.000000 15798.692383
15811.000000 15906.875977
15702.000000 15988.773438
15636.000000 15847.041992
15564.000000 15827.539062
15375.000000 15730.048828
15198.000000 15430.592773
15181.000000 15187.811523
15568.000000 15163.627930
15915.000000 15685.920898
15051.000000 15990.468750
14022.000000 14591.626953
14200.000000 13637.503906
13462.000000 14223.106445
12899.000000 13283.585938
12778.000000 12930.783203
12894.000000 13029.597656
13591.000000 13342.890625
14838.000000 14387.648438
15518.000000 16005.032227
15812.000000 16314.767578
15998.000000 16340.958008
16220.000000 16349.087891
16195.000000 16504.441406
16149.000000 16311.958008
16384.000000 16271.181641
16148.000000 16669.761719
15982.000000 16211.443359
15921.000000 16124.196289
15726.000000 16081.687500
15412.000000 15778.738281
15399.000000 15354.725586
15718.000000 15420.853516
15785.000000 15837.440430
15000.000000 15753.759766
13815.000000 14609.578125
13051.000000 13384.292969
12596.000000 12809.958984
12078.000000 12522.055664
12180.000000 12137.411133
12249.000000 12557.811523
13084.000000 12765.729492
14406.000000 14022.350586
15344.000000 15664.155273
15641.000000 16352.008789
16208.000000 16197.448242
16829.000000 16849.814453
17249.000000 17381.558594
17650.000000 17690.707031
18136.000000 18112.119141
18409.000000 18678.132812
18654.000000 18824.619141
18795.000000 19056.351562
18681.000000 19053.859375
18317.000000 18671.386719
17940.000000 18036.083984
17933.000000 17539.410156
18032.000000 17643.355469
16692.000000 17744.283203
15207.000000 15686.556641
11966.000000 14351.165039
11585.000000 11066.294922
11548.000000 11234.750977
11611.000000 11505.645508
11784.000000 11959.662109
12647.000000 12455.756836
14171.000000 13762.877930
15065.000000 15720.251953
15429.000000 16188.923828
15621.000000 16216.043945
15890.000000 16219.401367
16036.000000 16449.521484
16231.000000 16490.175781
16465.000000 16719.636719
16630.000000 16987.441406
16635.000000 17129.314453
16901.000000 17014.728516
16848.000000 17370.666016
16819.000000 16954.138672
16607.000000 16816.908203
16656.000000 16324.009766
16919.000000 16419.970703
15704.000000 16730.166016
14149.000000 14856.260742
12217.000000 13417.621094
11567.000000 11607.248047
11208.000000 11313.802734
10995.000000 11216.098633
10858.000000 11308.293945
11181.000000 11422.220703
11228.000000 12022.004883
11720.000000 12001.874023
12580.000000 12615.015625
13155.000000 13514.675781
13246.000000 13900.287109
13444.000000 13751.551758
13381.000000 13951.899414
13488.000000 13731.684570
13442.000000 13893.919922
13434.000000 13774.897461
13578.000000 13795.888672
13657.000000 13998.044922
13729.000000 14020.336914
13698.000000 14027.625000
14032.000000 13845.614258
14407.000000 14235.711914
13694.000000 14525.325195
12770.000000 13337.138672
13502.000000 12432.392578
12874.000000 13626.704102
12239.000000 12663.442383
12122.000000 12190.943359
12073.000000 12266.435547
12219.000000 12332.222656
12427.000000 12634.563477
12937.000000 12914.947266
13836.000000 13555.808594
14424.000000 14609.437500
14965.000000 14996.125977
15240.000000 15488.521484
15545.000000 15559.021484
15742.000000 15862.436523
15917.000000 15980.718750
16020.000000 16161.424805
16137.000000 16238.138672
16121.000000 16376.056641
15814.000000 16275.484375
15269.000000 15783.829102
14927.000000 15077.844727
15089.000000 14772.946289
14305.000000 15104.768555
13099.000000 13908.797852
13989.000000 12677.325195
13322.000000 14235.430664
12751.000000 13103.678711
12547.000000 12748.005859
12669.000000 12689.789062
13354.000000 12998.938477
14652.000000 14001.567383
15464.000000 15749.675781
16026.000000 16379.403320
16639.000000 16829.320312
17327.000000 17400.490234
17702.000000 18061.925781
18189.000000 18184.078125
18625.000000 18747.468750
18766.000000 19103.585938
18646.000000 19031.033203
18631.000000 18704.328125
18308.000000 18693.802734
17846.000000 18074.027344
17288.000000 17480.826172
17057.000000 16796.011719
17225.000000 16690.957031
16086.000000 17042.666016
14701.000000 15290.958008
13831.000000 14006.082031
13160.000000 13377.361328
12811.000000 12900.588867
12667.000000 12820.584961
12802.000000 12929.160156
13431.000000 13334.859375
14751.000000 14303.795898
15752.000000 16100.026367
16144.000000 16942.306641
16799.000000 16934.679688
17395.000000 17706.580078
17702.000000 18136.109375
18129.000000 18247.361328
18418.000000 18749.021484
18502.000000 18911.416016
18455.000000 18853.458984
18482.000000 18672.988281
18346.000000 18672.619141
18125.000000 18316.802734
17801.000000 17944.697266
17752.000000 17442.082031
17965.000000 17463.972656
16620.000000 17760.031250
15213.000000 15615.926758
13400.000000 14408.910156
12800.000000 12636.414062
12440.000000 12462.296875
12331.000000 12370.884766
12515.000000 12595.278320
13238.000000 13107.500000
14745.000000 14221.943359
15490.000000 16263.150391
15779.000000 16496.871094
16145.000000 16509.765625
16520.000000 16802.701172
16795.000000 17088.751953
17016.000000 17289.582031
17186.000000 17488.273438
17410.000000 17636.976562
17496.000000 17899.587891
17701.000000 17868.816406
17803.000000 18099.689453
17609.000000 18006.574219
17282.000000 17498.816406
17559.000000 16974.222656
17686.000000 17481.783203
16463.000000 17439.837891
14918.000000 15579.204102
12884.000000 14105.654297
12316.000000 12142.687500
12220.000000 11995.946289
12282.000000 12212.599609
12493.000000 12618.676758
13359.000000 13120.012695
14968.000000 14405.183594
15700.000000 16492.898438
15815.000000 16585.769531
15897.000000 16341.812500
16027.000000 16307.759766
16100.000000 16381.598633
16258.000000 16412.904297
16637.000000 16642.687500
16747.000000 17193.388672
16813.000000 17182.185547
16977.000000 17227.859375
17013.000000 17361.859375
16856.000000 17179.697266
16642.000000 16771.050781
16716.000000 16400.027344
16932.000000 16532.912109
15744.000000 16784.744141
14302.000000 14972.859375
12313.000000 13647.406250
12102.000000 11717.126953
12058.000000 11944.120117
12107.000000 12166.754883
12473.000000 12520.363281
13509.000000 13194.160156
15142.000000 14637.541992
15917.000000 16649.990234
15971.000000 16766.232422
15882.000000 16386.783203
16081.000000 16140.945312
16025.000000 16408.876953
15913.000000 16206.537109
15972.000000 16112.359375
15894.000000 16287.569336
15844.000000 16170.458008
15840.000000 16147.649414
15797.000000 16106.319336
15684.000000 15931.444336
15571.000000 15649.294922
15936.000000 15417.957031
16308.000000 15938.087891
15162.000000 16288.421875
13835.000000 14513.329102
11909.000000 13334.699219
11377.000000 11446.721680
11153.000000 11262.529297
11035.000000 11273.539062
10984.000000 11438.912109
11193.000000 11614.074219
11276.000000 12009.611328
11827.000000 12034.574219
12566.000000 12679.245117
13054.000000 13367.256836
13248.000000 13675.470703
13213.000000 13705.826172
13395.000000 13546.639648
13372.000000 13781.027344
13171.000000 13670.928711
13046.000000 13424.023438
13137.000000 13331.685547
13323.000000 13508.732422
13456.000000 13727.703125
13547.000000 13793.621094
14210.000000 13779.188477
14568.000000 14595.121094
13797.000000 14692.494141
12943.000000 13432.876953
12557.000000 12621.489258
12023.000000 12353.706055
11775.000000 11859.789062
11583.000000 11795.659180
11492.000000 11752.020508
11727.000000 11822.605469
12171.000000 12250.424805
12664.000000 12809.715820
13435.000000 13305.868164
13908.000000 14143.298828
14225.000000 14392.666992
14418.000000 14600.740234
14306.000000 14688.925781
14237.000000 14428.315430
14092.000000 14379.077148
13871.000000 14206.051758
13990.000000 13983.783203
13923.000000 14270.145508
13789.000000 14133.700195
13856.000000 13967.854492
14231.000000 14062.109375
14266.000000 14497.197266
13553.000000 14310.512695
12629.000000 13295.685547
12935.000000 12359.513672
12461.000000 13001.490234
12207.000000 12388.296875
12127.000000 12329.657227
12400.000000 12381.212891
13148.000000 12867.259766
14532.000000 13893.467773
15298.000000 15694.792969
15535.000000 16091.042969
15804.000000 16000.869141
16013.000000 16186.083008
16015.000000 16253.861328
16108.000000 16116.826172
16131.000000 16255.392578
16055.000000 16249.111328
15950.000000 16150.779297
15837.000000 16037.872070
15599.000000 15901.186523
15322.000000 15556.426758
15187.000000 15210.473633
15408.000000 15085.856445
15592.000000 15434.544922
14693.000000 15597.969727
13455.000000 14267.340820
13127.000000 13058.669922
12518.000000 13031.058594
12171.000000 12450.397461
12175.000000 12321.511719
12145.000000 12555.087891
12839.000000 12641.122070
14371.000000 13695.275391
15163.000000 15719.043945
15441.000000 16053.288086
15599.000000 16019.554688
15823.000000 15995.360352
15893.000000 16157.606445
15950.000000 16104.405273
15963.000000 16163.860352
15983.000000 16167.168945
15839.000000 16216.076172
15753.000000 15988.106445
15658.000000 15912.993164
15683.000000 15743.204102
15629.000000 15752.702148
15945.000000 15565.652344
16068.000000 16011.825195
15034.000000 15983.861328
13778.000000 14466.749023
13861.000000 13282.612305
13071.000000 13790.448242
12658.000000 12870.545898
12335.000000 12734.935547
12356.000000 12555.513672
13000.000000 12810.377930
14479.000000 13786.184570
15164.000000 15784.480469
15472.000000 15977.734375
15727.000000 16061.506836
16138.000000 16154.173828
16321.000000 16566.175781
16575.000000 16591.564453
16781.000000 16916.429688
16830.000000 17112.125000
16724.000000 17102.478516
16735.000000 16906.845703
16557.000000 16951.197266
16285.000000 16586.515625
16258.000000 16195.879883
16432.000000 16205.877930
16460.000000 16402.107422
15329.000000 16315.490234
14100.000000 14665.444336
13241.000000 13546.131836
12652.000000 12859.024414
12319.000000 12462.648438
12134.000000 12361.311523
12293.000000 12400.123047
13000.000000 12828.700195
14460.000000 13872.457031
15338.000000 15818.106445
15668.000000 16333.639648
15857.000000 16316.213867
16460.000000 16330.380859
16731.000000 17077.574219
17119.000000 17111.320312
17562.000000 17623.281250
17802.000000 18107.169922
17892.000000 18241.119141
17893.000000 18221.380859
17729.000000 18091.039062
17433.000000 17713.933594
17239.000000 17227.326172
17517.000000 16984.376953
17664.000000 17440.708984
16432.000000 17463.507812
14921.000000 15556.443359
12236.000000 14127.510742
11732.000000 11435.612305
11603.000000 11418.426758
11660.000000 11571.669922
11872.000000 11997.187500
12785.000000 12528.446289
14389.000000 13892.615234
15110.000000 15955.749023
15403.000000 16061.601562
15599.000000 16102.145508
15979.000000 16115.755859
16148.000000 16523.146484
16486.000000 16553.207031
16687.000000 17020.328125
16883.000000 17161.234375
16785.000000 17388.201172
16824.000000 17072.462891
16809.000000 17133.312500
16587.000000 16934.863281
16482.000000 16460.289062
16770.000000 16294.090820
16987.000000 16677.439453
15673.000000 16804.515625
14237.000000 14805.176758
11945.000000 13544.634766
11333.000000 11296.865234
11247.000000 11083.297852
11094.000000 11283.476562
11142.000000 11431.196289
11240.000000 11779.041016
11483.000000 12028.557617
11836.000000 12341.401367
12564.000000 12666.284180
12966.000000 13451.374023
13044.000000 13628.971680
13101.000000 13544.843750
13176.000000 13545.367188
13150.000000 13585.761719
13193.000000 13509.942383
13426.000000 13582.368164
13509.000000 13900.642578
13725.000000 13916.816406
13788.000000 14164.520508
13842.000000 14062.316406
14414.000000 14018.332031
14781.000000 14715.906250
14001.000000 14895.690430
12972.000000 13618.661133
12637.000000 12595.394531
12099.000000 12442.375000
11694.000000 11925.904297
11641.000000 11679.360352
11796.000000 11836.490234
12001.000000 12183.861328
12450.000000 12500.311523
12961.000000 13067.842773
13695.000000 13568.141602
13950.000000 14352.106445
14239.000000 14316.960938
14200.000000 14608.023438
14107.000000 14376.220703
13874.000000 14267.708008
13690.000000 13973.416016
13619.000000 13827.825195
13557.000000 13824.638672
13620.000000 13796.230469
13543.000000 13921.704102
13483.000000 13750.257812
13955.000000 13644.920898
14139.000000 14264.294922
13452.000000 14252.903320
12636.000000 13233.207031
12952.000000 12436.916016
12318.000000 13064.548828
12052.000000 12238.826172
11969.000000 12196.003906
12113.000000 12233.024414
12845.000000 12545.626953
14376.000000 13579.745117
15150.000000 15603.269531
15390.000000 15920.832031
15677.000000 15839.046875
15732.000000 16033.092773
15836.000000 15854.253906
15789.000000 15961.923828
15780.000000 15829.628906
15566.000000 15874.012695
15266.000000 15585.505859
15291.000000 15272.149414
15164.000000 15448.892578
15077.000000 15212.687500
14901.000000 15115.614258
15295.000000 14828.463867
15297.000000 15444.523438
14480.000000 15216.216797
13483.000000 14113.574219
13145.000000 13151.793945
12705.000000 13051.853516
12438.000000 12685.538086
12295.000000 12609.328125
12470.000000 12630.318359
13208.000000 13022.594727
14832.000000 14069.152344
15591.000000 16244.761719
15756.000000 16416.861328
15977.000000 16228.265625
16140.000000 16359.559570
16054.000000 16380.424805
16030.000000 16143.331055
16142.000000 16157.708008
15978.000000 16355.219727
15717.000000 16082.514648
15559.000000 15796.067383
15492.000000 15660.468750
15459.000000 15582.820312
15406.000000 15497.328125
15901.000000 15361.703125
15906.000000 16077.013672
14880.000000 15783.164062
13747.000000 14371.277344
12817.000000 13323.348633
12289.000000 12525.435547
12022.000000 12204.356445
11961.000000 12156.711914
12165.000000 12335.287109
13008.000000 12783.675781
14568.000000 13992.570312
15430.000000 15997.354492
15696.000000 16350.502930
15870.000000 16220.887695
16038.000000 16234.016602
16073.000000 16302.658203
16216.000000 16245.024414
16296.000000 16463.121094
16426.000000 16543.699219
16328.000000 16751.855469
16418.000000 16530.554688
16379.000000 16705.343750
16244.000000 16484.634766
16129.000000 16200.394531
16562.000000 15981.509766
16414.000000 16618.052734
15266.000000 16108.927734
14055.000000 14603.677734
12782.000000 13502.255859
12151.000000 12333.534180
11838.000000 11977.868164
11766.000000 11911.930664
11962.000000 12118.846680
12687.000000 12586.064453
14309.000000 13637.169922
14882.000000 15788.018555
15276.000000 15645.917969
15383.000000 15956.512695
15641.000000 15738.986328
15766.000000 16031.305664
15871.000000 16047.025391
16039.000000 16172.654297
16022.000000 16401.896484
16061.000000 16314.054688
16027.000000 16393.625000
15914.000000 16263.718750
15744.000000 16025.178711
15638.000000 15709.448242
16151.000000 15523.952148
16189.000000 16264.619141
15008.000000 15999.262695
13767.000000 14347.355469
12213.000000 13235.812500
11853.000000 11744.335938
11623.000000 11724.065430
11489.000000 11710.465820
11751.000000 11834.031250
12564.000000 12400.266602
14170.000000 13551.726562
15074.000000 15638.401367
15353.000000 16043.222656
15550.000000 15921.534180
15792.000000 15969.609375
15836.000000 16138.333008
15902.000000 16056.753906
16050.000000 16152.746094
16044.000000 16368.250000
15970.000000 16317.429688
15986.000000 16221.166992
15850.000000 16244.127930
15681.000000 15928.005859
15640.000000 15636.430664
16192.000000 15536.571289
16030.000000 16300.221680
14959.000000 15715.422852
13682.000000 14347.360352
11744.000000 13130.628906
11219.000000 11256.143555
11103.000000 11077.010742
10905.000000 11215.250977
11084.000000 11272.908203
11457.000000 11765.311523
11770.000000 12326.069336
12301.000000 12623.768555
12926.000000 13164.759766
13117.000000 13707.039062
13121.000000 13623.288086
13288.000000 13510.614258
13404.000000 13682.705078
13390.000000 13758.534180
13435.000000 13710.797852
13510.000000 13795.002930
13672.000000 13890.930664
13894.000000 14086.878906
13925.000000 14294.228516
13961.000000 14153.966797
14647.000000 14099.182617
14783.000000 14980.194336
13948.000000 14768.629883
13034.000000 13564.246094
12722.000000 12687.188477
12318.000000 12545.071289
12130.000000 12198.914062
12208.000000 12195.374023
12402.000000 12479.022461
12928.000000 12831.182617
13504.000000 13557.328125
14061.000000 14157.886719
14533.000000 14665.638672
14570.000000 15025.154297
14356.000000 14790.143555
14214.000000 14443.838867
13912.000000 14302.149414
13811.000000 13937.454102
13739.000000 13946.696289
13733.000000 13929.809570
13751.000000 14005.416016
13751.000000 14052.382812
13610.000000 14022.014648
13629.000000 13763.040039
14053.000000 13783.932617
14163.000000 14311.922852
13383.000000 14263.066406
12519.000000 13182.363281
13803.000000 12369.360352
13343.000000 14332.466797
13281.000000 13352.675781
13349.000000 13600.787109
13669.000000 13699.573242
14625.000000 14161.980469
16297.000000 15444.337891
16838.000000 17609.875000
16891.000000 17337.203125
16512.000000 17151.232422
16145.000000 16392.734375
15871.000000 15984.369141
15708.000000 15705.830078
15581.000000 15618.020508
15361.000000 15568.244141
15174.000000 15367.113281
14995.000000 15229.064453
14752.000000 15041.461914
14535.000000 14735.029297
14509.000000 14492.212891
14963.000000 14518.509766
15318.000000 15185.804688
14506.000000 15540.999023
13532.000000 14285.645508
13645.000000 13381.866211
13181.000000 13850.524414
13059.000000 13273.372070
13056.000000 13385.201172
13365.000000 13488.283203
14226.000000 13988.869141
16038.000000 15140.500977
16684.000000 17567.544922
16720.000000 17303.017578
16618.000000 17018.437500
16554.000000 16698.919922
16343.000000 16576.097656
16333.000000 16266.622070
16270.000000 16389.048828
15939.000000 16345.291016
15717.000000 15935.999023
15801.000000 15792.414062
15757.000000 16005.466797
15720.000000 15837.760742
15883.000000 15748.721680
16498.000000 15932.959961
16530.000000 16740.931641
15592.000000 16439.818359
14502.000000 15125.958984
13503.000000 14088.873047
13129.000000 13189.408203
13118.000000 13082.385742
13137.000000 13336.880859
13528.000000 13558.114258
14371.000000 14240.162109
16185.000000 15362.586914
16800.000000 17800.083984
16807.000000 17408.966797
16694.000000 17105.625000
16466.000000 16787.466797
16214.000000 16436.968750
16015.000000 16169.268555
15897.000000 16025.742188
15706.000000 16008.318359
15415.000000 15848.253906
15472.000000 15543.716797
15430.000000 15762.938477
15429.000000 15583.266602
15599.000000 15523.603516
16437.000000 15672.456055
16345.000000 16805.525391
15339.000000 16168.047852
14435.000000 14869.391602
14657.000000 14087.085938
14275.000000 14731.209961
14101.000000 14263.555664
14124.000000 14329.872070
14506.000000 14524.465820
15506.000000 15152.947266
17275.000000 16532.273438
17778.000000 18845.845703
17496.000000 18258.488281
17094.000000 17548.521484
16729.000000 16959.005859
16449.000000 16535.669922
16331.000000 16290.946289
15996.000000 16302.149414
15951.000000 15942.834961
15513.000000 16122.877930
15295.000000 15507.237305
15121.000000 15412.534180
15092.000000 15187.650391
15282.000000 15178.850586
16133.000000 15420.506836
16110.000000 16604.107422
15388.000000 16105.654297
14227.000000 15163.013672
14774.000000 13898.868164
14478.000000 15084.421875
14368.000000 14554.708984
14450.000000 14683.115234
15018.000000 14898.873047
15986.000000 15766.617188
17382.000000 16987.445312
18357.000000 18671.193359
18354.000000 19229.275391
18236.000000 18469.482422
18089.000000 18273.515625
17802.000000 17991.390625
17502.000000 17619.166016
17183.000000 17341.363281
16777.000000 17053.419922
16333.000000 16648.820312
16147.000000 16215.129883
15982.000000 16159.164062
15944.000000 15967.012695
16217.000000 15956.576172
17096.000000 16339.133789
17216.000000 17543.417969
16333.000000 17207.816406
15348.000000 15915.284180
13672.000000 14989.091797
13313.000000 13188.628906
13044.000000 13272.049805
12965.000000 13173.503906
12978.000000 13369.156250
13097.000000 13574.472656
13510.000000 13804.909180
13965.000000 14316.238281
14854.000000 14677.356445
15286.000000 15687.832031
15452.000000 15750.604492
15558.000000 15776.246094
15637.000000 15817.463867
15569.000000 15881.785156
15496.000000 15765.130859
15471.000000 15722.745117
15512.000000 15743.897461
15677.000000 15832.934570
15668.000000 16049.608398
15901.000000 15879.237305
16619.000000 16161.907227
16549.000000 17035.667969
15857.000000 16393.380859
15286.000000 15420.115234
13822.000000 14896.696289
13474.000000 13186.581055
13270.000000 13253.231445
13318.000000 13205.286133
13447.000000 13534.147461
13933.000000 13861.946289
14473.000000 14615.152344
14954.000000 15202.265625
15628.000000 15613.237305
16266.000000 16323.421875
16425.000000 16863.271484
16313.000000 16717.056641
16061.000000 16464.693359
15914.000000 16119.022461
15747.000000 16019.529297
15804.000000 15854.178711
15844.000000 16059.930664
15792.000000 16105.658203
15692.000000 15992.952148
15860.000000 15803.727539
16107.000000 16023.590820
15869.000000 16216.297852
15255.000000 15681.768555
14370.000000 14918.827148
15280.000000 13972.607422
14889.000000 15615.583008
14775.000000 14786.824219
14746.000000 14977.468750
15073.000000 15009.951172
15917.000000 15572.866211
17322.000000 16743.574219
18113.000000 18580.128906
18133.000000 18900.541016
17958.000000 18391.433594
17739.000000 18037.914062
17268.000000 17689.835938
16849.000000 17042.771484
16546.000000 16661.515625
15995.000000 16432.185547
15449.000000 15802.164062
15277.000000 15303.473633
15048.000000 15309.500000
14885.000000 15045.213867
15006.000000 14911.713867
15849.000000 15137.836914
15923.000000 16342.269531
15260.000000 16020.472656
14447.000000 15112.244141
14466.000000 14298.466797
13815.000000 14645.911133
13709.000000 13821.387695
13809.000000 14024.824219
14134.000000 14279.375977
14931.000000 14801.335938
16429.000000 15886.217773
17259.000000 17829.371094
17288.000000 18059.992188
17203.000000 17516.371094
17328.000000 17280.107422
17420.000000 17414.900391
17380.000000 17466.976562
17348.000000 17402.798828
17197.000000 17430.587891
16963.000000 17248.402344
17087.000000 16987.017578
17232.000000 17299.472656
17362.000000 17394.435547
17583.000000 17461.601562
18117.000000 17658.761719
17730.000000 18324.734375
16894.000000 17326.462891
15888.000000 16365.570312
14555.000000 15326.068359
14209.000000 13987.078125
14000.000000 14054.012695
13911.000000 14053.666016
14285.000000 14209.184570
15201.000000 14927.105469
16898.000000 16212.181641
17715.000000 18462.259766
17899.000000 18512.591797
17889.000000 18305.718750
17997.000000 18084.427734
17993.000000 18214.062500
17886.000000 18137.255859
17704.000000 18022.697266
17547.000000 17836.871094
17255.000000 17722.583984
17236.000000 17344.226562
17473.000000 17454.451172
17474.000000 17747.246094
17472.000000 17479.523438
17858.000000 17381.974609
17302.000000 17893.761719
16282.000000 16740.099609
15182.000000 15636.068359
15583.000000 14589.982422
15439.000000 15632.310547
15388.000000 15461.425781
15442.000000 15666.713867
15970.000000 15874.507812
16980.000000 16730.326172
18666.000000 18065.990234
19390.000000 20282.111328
19072.000000 20113.150391
18396.000000 19109.121094
17851.000000 18170.076172
17398.000000 17613.240234
17018.000000 17171.693359
16656.000000 16866.660156
16300.000000 16578.449219
15871.000000 16285.175781
15537.000000 15842.406250
15397.000000 15540.291016
15333.000000 15441.421875
15801.000000 15359.896484
16820.000000 16065.338867
16844.000000 17406.332031
16123.000000 16889.335938
15161.000000 15927.537109
15067.000000 14920.335938
14845.000000 15191.372070
14833.000000 14991.411133
15036.000000 15204.127930
15359.000000 15602.044922
16198.000000 16043.264648
17647.000000 17182.603516
18505.000000 18985.027344
18759.000000 19241.230469
18539.000000 19032.166016
18330.000000 18414.414062
17918.000000 18177.562500
17629.000000 17621.574219
17436.000000 17448.531250
17058.000000 17359.181641
16675.000000 16955.458984
16594.000000 16622.353516
16566.000000 16703.269531
16604.000000 16662.656250
16940.000000 16686.554688
17780.000000 17122.695312
17864.000000 18223.835938
17087.000000 17806.878906
16240.000000 16659.826172
15709.000000 15858.636719
15391.000000 15496.250977
15195.000000 15355.699219
15101.000000 15345.368164
15273.000000 15426.668945
15522.000000 15820.266602
16040.000000 16132.156250
16309.000000 16770.792969
16898.000000 16776.562500
16924.000000 17493.998047
16595.000000 17049.949219
16144.000000 16549.421875
15854.000000 16015.798828
15364.000000 15810.841797
14796.000000 15270.684570
14485.000000 14741.693359
14392.000000 14591.134766
14412.000000 14642.996094
14740.000000 14751.944336
15355.000000 15225.213867
16318.000000 15942.054688
16323.000000 17056.484375
15843.000000 16403.718750
15449.000000 15729.990234
15385.000000 15340.301758
15097.000000 15416.970703
14978.000000 15093.103516
15088.000000 15140.610352
15287.000000 15430.694336
15601.000000 15744.449219
16135.000000 16141.672852
16563.000000 16759.494141
17096.000000 17022.482422
17512.000000 17537.828125
17636.000000 17780.654297
17517.000000 17695.992188
17264.000000 17437.246094
16891.000000 17125.273438
16535.000000 16718.248047
16425.000000 16414.558594
16367.000000 16475.802734
16410.000000 16493.892578
16635.000000 16628.222656
17004.000000 16944.437500
17710.000000 17351.251953
17485.000000 18217.597656
17107.000000 17319.880859
16300.000000 16926.171875
15469.000000 15866.226562
15090.000000 15095.925781
14980.000000 14943.802734
14817.000000 15049.478516
15154.000000 15005.820312
15693.000000 15694.176758
16746.000000 16399.833984
17269.000000 17798.775391
17457.000000 17867.632812
17438.000000 17817.818359
17283.000000 17574.347656
16978.000000 17297.246094
16491.000000 16902.798828
16321.000000 16348.925781
16049.000000 16372.972656
15852.000000 16093.670898
15900.000000 15995.737305
16092.000000 16183.636719
16113.000000 16431.574219
16575.000000 16297.777344
17272.000000 16949.283203
17158.000000 17697.958984
16653.000000 17065.109375
15994.000000 16422.724609
14983.000000 15698.976562
14660.000000 14603.955078
14515.000000 14601.665039
14530.000000 14624.541016
14824.000000 14856.510742
15817.000000 15389.291016
17477.000000 16832.068359
18331.000000 18960.595703
18575.000000 19075.806641
18724.000000 18899.810547
18655.000000 18894.947266
18533.000000 18622.503906
18191.000000 18493.619141
18053.000000 18051.761719
17739.000000 18090.376953
17435.000000 17708.054688
17381.000000 17453.228516
17309.000000 17525.390625
17430.000000 17376.277344
17727.000000 17534.455078
18392.000000 17823.476562
18160.000000 18652.324219
17271.000000 17796.890625
16262.000000 16677.339844
13074.000000 15689.083008
12456.000000 12144.229492
12293.000000 12178.392578
12052.000000 12292.962891
12342.000000 12372.431641
13068.000000 13106.685547
14500.000000 14193.914062
15499.000000 16050.542969
15618.000000 16606.953125
15929.000000 16070.293945
16101.000000 16423.335938
16213.000000 16390.671875
16264.000000 16499.916016
16334.000000 16547.851562
16258.000000 16681.152344
16164.000000 16571.269531
16333.000000 16492.052734
16380.000000 16785.769531
16592.000000 16665.246094
16825.000000 16860.294922
17631.000000 16920.671875
17393.000000 17951.451172
16485.000000 16935.740234
15556.000000 15801.619141
12899.000000 14908.662109
12333.000000 12006.155273
12237.000000 11980.289062
12113.000000 12159.733398
12294.000000 12352.584961
13096.000000 12891.994141
14758.000000 14119.130859
15631.000000 16330.374023
15759.000000 16568.408203
15718.000000 16203.965820
15778.000000 15972.231445
15831.000000 15994.636719
15909.000000 16028.452148
16016.000000 16163.199219
16089.000000 16350.910156
15922.000000 16472.039062
16021.000000 16196.363281
15931.000000 16419.273438
15718.000000 16103.388672
15743.000000 15720.214844
16544.000000 15732.577148
16091.000000 16838.755859
15044.000000 15636.782227
13918.000000 14479.389648
12246.000000 13390.563477
11728.000000 11756.179688
11627.000000 11576.433594
11484.000000 11737.406250
11846.000000 11838.355469
12812.000000 12554.857422
14326.000000 13901.251953
15286.000000 15767.062500
15359.000000 16289.320312
15667.000000 15765.229492
15750.000000 16137.048828
15782.000000 15971.048828
15883.000000 15991.565430
15884.000000 16132.679688
15785.000000 16124.630859
15542.000000 16016.584961
15439.000000 15703.997070
15275.000000 15640.404297
15132.000000 15354.348633
15356.000000 15124.999023
16152.000000 15414.054688
15888.000000 16418.406250
14701.000000 15543.714844
13704.000000 14094.451172
11988.000000 13254.599609
11616.000000 11531.472656
11222.000000 11514.374023
11127.000000 11303.965820
11124.000000 11508.367188
11311.000000 11731.751953
11564.000000 12096.190430
12054.000000 12375.235352
12791.000000 12881.533203
13224.000000 13607.513672
13476.000000 13811.833984
13508.000000 13940.929688
13592.000000 13834.084961
13653.000000 13914.751953
13476.000000 13955.646484
13390.000000 13701.019531
13438.000000 13664.928711
13559.000000 13766.853516
13622.000000 13912.149414
13780.000000 13905.665039
14599.000000 14028.182617
14430.000000 15062.736328
13677.000000 14305.363281
12823.000000 13368.159180
12384.000000 12489.864258
12006.000000 12182.709961
11857.000000 11896.281250
11773.000000 11929.719727
11823.000000 12005.914062
12182.000000 12222.827148
12792.000000 12766.211914
13393.000000 13502.360352
14021.000000 14072.467773
14452.000000 14655.267578
14832.000000 14913.090820
14744.000000 15224.390625
14608.000000 14874.415039
14372.000000 14718.688477
14119.000000 14419.636719
13919.000000 14175.404297
13935.000000 14019.940430
13895.000000 14155.136719
13838.000000 14103.333008
13837.000000 14022.921875
14308.000000 13986.355469
14145.000000 14596.224609
13610.000000 14084.921875
12677.000000 13440.155273
13610.000000 12417.416992
13193.000000 13933.220703
13009.000000 13164.531250
13027.000000 13219.260742
13253.000000 13342.038086
14274.000000 13715.576172
15977.000000 15164.327148
16882.000000 17377.716797
16777.000000 17729.812500
16575.000000 16965.935547
16260.000000 16648.908203
15994.000000 16134.583008
15872.000000 15859.065430
15793.000000 15806.150391
15596.000000 15799.353516
15366.000000 15606.731445
15260.000000 15394.935547
15086.000000 15338.238281
14874.000000 15087.689453
14709.000000 14817.461914
15405.000000 14635.305664
15192.000000 15713.719727
14502.000000 15082.221680
13280.000000 14319.183594
13428.000000 12993.259766
12954.000000 13599.558594
12794.000000 13027.141602
12642.000000 13111.030273
12802.000000 13040.061523
13754.000000 13384.730469
15467.000000 14718.909180
16316.000000 16923.083984
16197.000000 17135.765625
16363.000000 16414.177734
16445.000000 16673.263672
16370.000000 16566.533203
16249.000000 16421.892578
16261.000000 16295.007812
15835.000000 16410.144531
15661.000000 15791.636719
15573.000000 15775.225586
15352.000000 15689.888672
15334.000000 15363.045898
15439.000000 15382.262695
16411.000000 15459.346680
16233.000000 16853.867188
15483.000000 15993.723633
14469.000000 15115.685547
13124.000000 14045.808594
12515.000000 12721.758789
12157.000000 12389.914062
12061.000000 12230.848633
12263.000000 12401.364258
13133.000000 12882.170898
14770.000000 14161.352539
15740.000000 16290.424805
15845.000000 16721.583984
15942.000000 16226.099609
16120.000000 16235.205078
16251.000000 16331.442383
16262.000000 16430.986328
16353.000000 16420.453125
16194.000000 16609.724609
16040.000000 16360.803711
16054.000000 16239.937500
15936.000000 16314.378906
16013.000000 16050.352539
16133.000000 16144.736328
16607.000000 16152.416016
16219.000000 16734.308594
15451.000000 15810.218750
14269.000000 14957.605469
13028.000000 13692.099609
12511.000000 12579.873047
12317.000000 12344.946289
12127.000000 12404.315430
12249.000000 12434.749023
13108.000000 12831.384766
14773.000000 14104.849609
15850.000000 16293.114258
15703.000000 16932.105469
15895.000000 15970.288086
16094.000000 16327.586914
16258.000000 16352.173828
16461.000000 16514.515625
16467.000000 16766.960938
16541.000000 16713.591797
16544.000000 16868.878906
16540.000000 16824.591797
16320.000000 16782.857422
16232.000000 16344.510742
16302.000000 16227.997070
17041.000000 16251.676758
16560.000000 17290.919922
15259.000000 16062.692383
14145.000000 14556.486328
12596.000000 13589.870117
12189.000000 12076.893555
11918.000000 12035.142578
11764.000000 11993.422852
12087.000000 12107.866211
12937.000000 12769.407227
14604.000000 13963.045898
15657.000000 16143.872070
15678.000000 16726.152344
15846.000000 16073.167969
15985.000000 16280.801758
16173.000000 16263.084961
16214.000000 16479.357422
16341.000000 16463.669922
16228.000000 16686.013672
16086.000000 16464.306641
15996.000000 16315.440430
15878.000000 16194.978516
15811.000000 15967.066406
16035.000000 15812.587891
16814.000000 16067.759766
16326.000000 17063.103516
15211.000000 15818.375000
13897.000000 14583.333008
12228.000000 13292.758789
11660.000000 11729.971680
11390.000000 11485.477539
11272.000000 11468.326172
11132.000000 11644.928711
11399.000000 11712.029297
11744.000000 12222.452148
12182.000000 12597.245117
12837.000000 13005.201172
13316.000000 13642.392578
13428.000000 13947.479492
13659.000000 13857.550781
13736.000000 14102.488281
13914.000000 14084.232422
13771.000000 14314.109375
13924.000000 14040.833984
14026.000000 14335.979492
14177.000000 14396.430664
14262.000000 14553.812500
14442.000000 14530.773438
15411.000000 14662.330078
14965.000000 15935.098633
14271.000000 14637.168945
13192.000000 13940.426758
13046.000000 12713.376953
12425.000000 12858.832031
12092.000000 12201.482422
11976.000000 12085.975586
12011.000000 12155.138672
12101.000000 12368.347656
12773.000000 12563.887695
13512.000000 13492.135742
14055.000000 14246.361328
14566.000000 14663.675781
14864.000000 15106.944336
14820.000000 15240.722656
14717.000000 15013.092773
14537.000000 14871.872070
14350.000000 14645.450195
14237.000000 14469.472656
14194.000000 14410.037109
14148.000000 14420.895508
14086.000000 14376.166016
14262.000000 14273.348633
14873.000000 14491.576172
14452.000000 15231.047852
13707.000000 14249.336914
12813.000000 13444.245117
13300.000000 12517.463867
12831.000000 13420.859375
12588.000000 12772.500000
12610.000000 12748.074219
12832.000000 12929.849609
13703.000000 13315.151367
15494.000000 14539.693359
16735.000000 16949.246094
16617.000000 17825.689453
16705.000000 16779.988281
16762.000000 17005.375000
16603.000000 16846.509766
16521.000000 16566.091797
16337.000000 16531.464844
16112.000000 16318.330078
15928.000000 16115.454102
15761.000000 15969.971680
15653.000000 15799.244141
15588.000000 15677.304688
15729.000000 15563.702148
16037.000000 15740.946289
15693.000000 16085.947266
15053.000000 15419.120117
14011.000000 14735.480469
13771.000000 13627.766602
13178.000000 13723.858398
12989.000000 13137.201172
12868.000000 13223.240234
13286.000000 13248.425781
14184.000000 13990.649414
15852.000000 15191.298828
16834.000000 17380.919922
16569.000000 17789.556641
16566.000000 16685.408203
16533.000000 16817.337891
16322.000000 16596.025391
16329.000000 16305.152344
16289.000000 16444.738281
16084.000000 16425.986328
15943.000000 16194.131836
15914.000000 16105.417969
15852.000000 16101.094727
15798.000000 15951.536133
16012.000000 15816.577148
16662.000000 16081.278320
16192.000000 16909.197266
15335.000000 15815.220703
14263.000000 14918.909180
14781.000000 13821.837891
14327.000000 14948.918945
14255.000000 14275.885742
14269.000000 14533.489258
14583.000000 14655.315430
15525.000000 15184.200195
17130.000000 16492.636719
18077.000000 18559.128906
17892.000000 18947.640625
17554.000000 17970.570312
17381.000000 17539.513672
17032.000000 17336.140625
16665.000000 16873.304688
16390.000000 16537.373047
16035.000000 16350.933594
15642.000000 16007.692383
15639.000000 15632.231445
15497.000000 15818.364258
15441.000000 15551.365234
15930.000000 15497.627930
16738.000000 16193.888672
16500.000000 17148.806641
15587.000000 16331.769531
14516.000000 15229.364258
14531.000000 14164.993164
13973.000000 14593.607422
13842.000000 13946.134766
13755.000000 14121.336914
13948.000000 14152.708008
14915.000000 14556.296875
16648.000000 15952.020508
17710.000000 18192.136719
17492.000000 18646.666016
17430.000000 17509.857422
17225.000000 17553.195312
16992.000000 17106.195312
16870.000000 16886.039062
16697.000000 16851.890625
16382.000000 16721.812500
16097.000000 16403.837891
15883.000000 16170.976562
15957.000000 15979.916016
15797.000000 16157.125977
16620.000000 15781.675781
17415.000000 17089.757812
17175.000000 17769.808594
16439.000000 16926.513672
15500.000000 16034.126953
15879.000000 15047.888672
15686.000000 16014.219727
15864.000000 15697.521484
16092.000000 16241.317383
16534.000000 16588.587891
17668.000000 17232.681641
19319.000000 18836.357422
20511.000000 20858.298828
20319.000000 21562.273438
19814.000000 20205.449219
19445.000000 19578.089844
18976.000000 19152.470703
18701.000000 18597.953125
18358.000000 18480.070312
17915.000000 18149.919922
17551.000000 17716.398438
17400.000000 17421.082031
17355.000000 17370.904297
17563.000000 17337.544922
17764.000000 17643.099609
18019.000000 17786.384766
17479.000000 18078.427734
16552.000000 17101.517578
15456.000000 16117.691406
16050.000000 15040.016602
15753.000000 16410.173828
15631.000000 15876.140625
15489.000000 16032.886719
15717.000000 15913.363281
15994.000000 16363.967773
16528.000000 16618.279297
17139.000000 17258.462891
17369.000000 17823.605469
17322.000000 17734.671875
16834.000000 17487.017578
16381.000000 16707.154297
16143.000000 16274.180664
15775.000000 16128.892578
15454.000000 15740.029297
15227.000000 15502.874023
14992.000000 15356.939453
15090.000000 15138.883789
15303.000000 15393.514648
16163.000000 15624.070312
17516.000000 16819.257812
17359.000000 18473.015625
16983.000000 17270.648438
16255.000000 16939.369141
16427.000000 15945.617188
15951.000000 16571.619141
15666.000000 15816.409180
15723.000000 15743.107422
15884.000000 16008.859375
16204.000000 16288.298828
16891.000000 16717.660156
17605.000000 17583.462891
18237.000000 18209.503906
18684.000000 18699.677734
18681.000000 18945.253906
18346.000000 18616.871094
17976.000000 18109.900391
17526.000000 17746.076172
17119.000000 17289.269531
16577.000000 16969.632812
16722.000000 16421.431641
16660.000000 16986.921875
16790.000000 16827.037109
17270.000000 17087.783203
17887.000000 17696.830078
17738.000000 18316.621094
17220.000000 17606.732422
16543.000000 16926.767578
15061.000000 16169.458008
14740.000000 14449.224609
14500.000000 14620.264648
14439.000000 14522.356445
14735.000000 14725.373047
15622.000000 15332.421875
17350.000000 16646.560547
18712.000000 19002.337891
18615.000000 19978.728516
18738.000000 18692.328125
18915.000000 19058.693359
18845.000000 19056.060547
18655.000000 18865.492188
18681.000000 18649.085938
18597.000000 18853.429688
18302.000000 18734.984375
18171.000000 18335.111328
18116.000000 18277.275391
18289.000000 18169.121094
18645.000000 18384.966797
19027.000000 18736.898438
18676.000000 19050.337891
18088.000000 18188.607422
17112.000000 17547.693359
13295.000000 16427.261719
12976.000000 12111.900391
12779.000000 12627.656250
12817.000000 12695.930664
12991.000000 13170.621094
14015.000000 13694.921875
15876.000000 15304.572266
17118.000000 17753.554688
17228.000000 18385.462891
17333.000000 17634.593750
17440.000000 17729.041016
17451.000000 17700.853516
17555.000000 17676.115234
17355.000000 17877.751953
17260.000000 17552.414062
17124.000000 17574.392578
17106.000000 17406.634766
17128.000000 17429.431641
17351.000000 17358.390625
17726.000000 17549.884766
18180.000000 17827.925781
17785.000000 18187.017578
16965.000000 17199.554688
15940.000000 16256.847656
13185.000000 15220.336914
12614.000000 12261.726562
12310.000000 12270.395508
12345.000000 12232.607422
12465.000000 12681.445312
13367.000000 13119.988281
15051.000000 14541.452148
16491.000000 16738.751953
16410.000000 17897.996094
16362.000000 16641.330078
16340.000000 16687.369141
16307.000000 16488.910156
16241.000000 16458.941406
16146.000000 16408.183594
15970.000000 16361.057617
15759.000000 16203.439453
15727.000000 16007.957031
15593.000000 16055.437500
15547.000000 15776.461914
16082.000000 15661.267578
16697.000000 16354.954102
16231.000000 16874.964844
15259.000000 15772.454102
14103.000000 14686.000000
14283.000000 13544.429688
13902.000000 14196.738281
13600.000000 13804.049805
13703.000000 13727.444336
14060.000000 14118.564453
14967.000000 14709.550781
16537.000000 15982.812500
17709.000000 18003.117188
17302.000000 18799.228516
17020.000000 17222.146484
16804.000000 17093.607422
16390.000000 16715.208984
16075.000000 16208.322266
16010.000000 15972.597656
15734.000000 16082.080078
15404.000000 15778.259766
15314.000000 15476.596680
15062.000000 15492.981445
15001.000000 15102.127930
15596.000000 15079.225586
16421.000000 15919.062500
16085.000000 16842.568359
15127.000000 15880.900391
14036.000000 14772.688477
14408.000000 13691.875977
14316.000000 14580.695312
14369.000000 14462.774414
14448.000000 14755.279297
14942.000000 14933.957031
15982.000000 15689.595703
17806.000000 17043.533203
19159.000000 19420.949219
19033.000000 20289.402344
18667.000000 19000.861328
18313.000000 18575.591797
17768.000000 18074.265625
17247.000000 17412.330078
16983.000000 16936.804688
16557.000000 16854.689453
16509.000000 16418.814453
16108.000000 16633.576172
16022.000000 16021.096680
16052.000000 16075.553711
16702.000000 16049.901367
17364.000000 16982.777344
16820.000000 17615.023438
16110.000000 16432.833984
15052.000000 15799.657227
13451.000000 14650.689453
13090.000000 13045.708008
13119.000000 13095.811523
13281.000000 13414.560547
13507.000000 13872.827148
14051.000000 14281.308594
14739.000000 15006.453125
15286.000000 15666.199219
15444.000000 15977.847656
15125.000000 15786.784180
14734.000000 15161.525391
14583.000000 14715.338867
14219.000000 14642.705078
13876.000000 14235.585938
13559.000000 13974.400391
13636.000000 13731.532227
13649.000000 14030.291016
13889.000000 14045.226562
14682.000000 14376.689453
15856.000000 15363.151367
15859.000000 16663.300781
15430.000000 15863.909180
14820.000000 15278.642578
13946.000000 14536.961914
13634.000000 13602.924805
13482.000000 13511.416016
13507.000000 13508.190430
13677.000000 13753.960938
14044.000000 14120.190430
14582.000000 14649.393555
15038.000000 15251.893555
15523.000000 15563.333008
15788.000000 15955.558594
15736.000000 15995.948242
15450.000000 15749.402344
15211.000000 15354.827148
14959.000000 15156.588867
14664.000000 14938.810547
14403.000000 14694.078125
14423.000000 14513.794922
14541.000000 14708.074219
15001.000000 14894.743164
15521.000000 15518.346680
15389.000000 16001.170898
15029.000000 15432.483398
14489.000000 14937.353516
13893.000000 14274.531250
16157.000000 13680.598633
15880.000000 17275.062500
15828.000000 15824.381836
15919.000000 16196.531250
16269.000000 16231.043945
17304.000000 16733.039062
19025.000000 18191.187500
19584.000000 20483.615234
19186.000000 20064.351562
18462.000000 19086.429688
17905.000000 18078.738281
17212.000000 17521.207031
16899.000000 16712.171875
16504.000000 16620.945312
16071.000000 16236.796875
15585.000000 15865.406250
15447.000000 15394.897461
15290.000000 15436.083008
15926.000000 15264.538086
16433.000000 16314.996094
16291.000000 16763.591797
16134.000000 16336.335938
15506.000000 16238.991211
14701.000000 15406.861328
16681.000000 14613.043945
16434.000000 17993.720703
16565.000000 16623.748047
16718.000000 17257.890625
17162.000000 17243.742188
18189.000000 17842.775391
20062.000000 19180.435547
20554.000000 21710.443359
20095.000000 20871.775391
19387.000000 19895.423828
18846.000000 18928.664062
18138.000000 18409.347656
17722.000000 17584.318359
17467.000000 17374.769531
16754.000000 17263.357422
16485.000000 16387.875000
16320.000000 16397.869141
16386.000000 16262.584961
17390.000000 16454.128906
18425.000000 17995.060547
18461.000000 19067.167969
18351.000000 18481.269531
17515.000000 18412.365234
16710.000000 17150.367188
17441.000000 16470.054688
16524.000000 18004.001953
16070.000000 16306.431641
16201.000000 16269.852539
16504.000000 16659.642578
17457.000000 17094.031250
19190.000000 18462.906250
19837.000000 20721.099609
19669.000000 20268.931641
19236.000000 19590.572266
18893.000000 18907.945312
18361.000000 18586.376953
17956.000000 17967.382812
17591.000000 17718.787109
17338.000000 17458.761719
17003.000000 17366.058594
17038.000000 17046.675781
17265.000000 17312.794922
18058.000000 17596.250000
18966.000000 18695.244141
19014.000000 19576.720703
18798.000000 18949.238281
17984.000000 18633.937500
17192.000000 17452.683594
16903.000000 16767.828125
16625.000000 16762.193359
16554.000000 16606.535156
16873.000000 16787.865234
17246.000000 17437.615234
18407.000000 17897.529297
20169.000000 19617.994141
20831.000000 21774.544922
20448.000000 21308.927734
20053.000000 20230.970703
19716.000000 19807.306641
19158.000000 19421.298828
18805.000000 18764.013672
18335.000000 18604.833984
18032.000000 18128.929688
17756.000000 18002.082031
17959.000000 17764.123047
18420.000000 18256.205078
19367.000000 18809.759766
20021.000000 20037.925781
19962.000000 20352.849609
19516.000000 19777.404297
18541.000000 19130.312500
17426.000000 17888.023438
16849.000000 16814.812500
16735.000000 16556.927734
16697.000000 16786.972656
16829.000000 16974.013672
17193.000000 17341.195312
18208.000000 17883.425781
19864.000000 19304.101562
20482.000000 21362.710938
20154.000000 20920.417969
19647.000000 19994.728516
19291.000000 19353.880859
18849.000000 19052.617188
18444.000000 18589.582031
18066.000000 18291.884766
17856.000000 18006.937500
17599.000000 17965.492188
17718.000000 17705.101562
17916.000000 18039.324219
18594.000000 18185.416016
19680.000000 19101.548828
19571.000000 20373.003906
19227.000000 19299.484375
18360.000000 18972.556641
17458.000000 17765.375000
15834.000000 16957.714844
15607.000000 15133.583008
15503.000000 15536.045898
15465.000000 15652.465820
15574.000000 15857.807617
15940.000000 16140.751953
16519.000000 16639.478516
17055.000000 17245.029297
17689.000000 17622.369141
17883.000000 18237.980469
17695.000000 18086.582031
17592.000000 17717.337891
17374.000000 17691.189453
17157.000000 17435.386719
16963.000000 17284.083984
16915.000000 17148.607422
16977.000000 17220.238281
17442.000000 17348.218750
18337.000000 18032.486328
19146.000000 19132.980469
19077.000000 19750.009766
18738.000000 18932.179688
18094.000000 18428.753906
17424.000000 17539.710938
14968.000000 16900.052734
14588.000000 13894.285156
14383.000000 14273.005859
14345.000000 14279.722656
14613.000000 14572.954102
15104.000000 15165.407227
15805.000000 15851.391602
16261.000000 16638.484375
16671.000000 16828.857422
16698.000000 17140.503906
16699.000000 16873.183594
16595.000000 16883.863281
16446.000000 16733.474609
16130.000000 16615.232422
15940.000000 16261.642578
15925.000000 16180.192383
16055.000000 16278.120117
16354.000000 16494.375000
17198.000000 16850.287109
17689.000000 17953.660156
17548.000000 18045.917969
17317.000000 17431.375000
16820.000000 17097.830078
16226.000000 16410.132812
14663.000000 15819.684570
14286.000000 13991.071289
14140.000000 14101.194336
14201.000000 14157.079102
14551.000000 14502.362305
15637.000000 15129.648438
17411.000000 16702.728516
18226.000000 18966.187500
18128.000000 18916.132812
17820.000000 18230.978516
17737.000000 17749.326172
17452.000000 17731.208984
17074.000000 17340.250000
16968.000000 16987.505859
16627.000000 17086.132812
16295.000000 16679.753906
16167.000000 16401.332031
16382.000000 16353.451172
17012.000000 16686.837891
17509.000000 17461.417969
17374.000000 17754.962891
17238.000000 17172.845703
16509.000000 17048.277344
15745.000000 16018.698242
15566.000000 15355.113281
15229.000000 15482.025391
15134.000000 15214.184570
15115.000000 15379.751953
15419.000000 15506.558594
16409.000000 16050.939453
18038.000000 17464.341797
18627.000000 19533.908203
18579.000000 19172.144531
18338.000000 18735.998047
18218.000000 18259.080078
17999.000000 18156.525391
17932.000000 17873.296875
17891.000000 17954.935547
17763.000000 17990.564453
17621.000000 17875.365234
17805.000000 17744.921875
18022.000000 18099.111328
18503.000000 18250.728516
18620.000000 18836.863281
18227.000000 18596.029297
17580.000000 17872.384766
16621.000000 17092.162109
15499.000000 16022.093750
16324.000000 14937.656250
16130.000000 16657.132812
16150.000000 16183.592773
16242.000000 16523.398438
16672.000000 16672.767578
17684.000000 17317.972656
19561.000000 18681.367188
20166.000000 21241.541016
19675.000000 20677.638672
19049.000000 19573.095703
18339.000000 18831.080078
17768.000000 17987.822266
17275.000000 17492.039062
16975.000000 17070.117188
16786.000000 16941.453125
16545.000000 16873.246094
16603.000000 16622.882812
17030.000000 16811.695312
18047.000000 17356.708984
18457.000000 18676.068359
18373.000000 18591.224609
17919.000000 18268.304688
17253.000000 17627.636719
16179.000000 16920.263672
16004.000000 15747.530273
15725.000000 16037.258789
15681.000000 15827.742188
15751.000000 16053.757812
16119.000000 16260.242188
17050.000000 16811.308594
18835.000000 18029.369141
19485.000000 20358.736328
19129.000000 19887.214844
18668.000000 18943.400391
18238.000000 18395.691406
17800.000000 17937.265625
17525.000000 17536.716797
17337.000000 17428.041016
17131.000000 17386.062500
16920.000000 17262.746094
17074.000000 17087.734375
17393.000000 17429.574219
18314.000000 17750.236328
18870.000000 18983.267578
18860.000000 19137.519531
18384.000000 18748.296875
17790.000000 17997.031250
16918.000000 17382.046875
14900.000000 16435.082031
14705.000000 14137.791016
14662.000000 14625.583008
14903.000000 14817.318359
15227.000000 15433.069336
16276.000000 15926.538086
17975.000000 17431.000000
18864.000000 19497.628906
18733.000000 19566.734375
18645.000000 18734.931641
18711.000000 18688.826172
18513.000000 18781.835938
18216.000000 18481.462891
17992.000000 18216.464844
17738.000000 18093.125000
17460.000000 17868.119141
17593.000000 17594.541016
17894.000000 17944.255859
18745.000000 18239.304688
19125.000000 19353.917969
18911.000000 19195.542969
18517.000000 18553.144531
17515.000000 18033.062500
16609.000000 16737.574219
15629.000000 16003.384766
15153.000000 15106.954102
14938.000000 14968.519531
14785.000000 15036.833984
14725.000000 15100.426758
14711.000000 15201.250977
15030.000000 15231.775391
15479.000000 15675.697266
15944.000000 16099.445312
16408.000000 16504.068359
16447.000000 16921.769531
16280.000000 16698.462891
16021.000000 16449.287109
15758.000000 16142.819336
15598.000000 15893.648438
15568.000000 15808.685547
15774.000000 15876.941406
16284.000000 16236.816406
16927.000000 16922.166016
17183.000000 17597.339844
17170.000000 17491.994141
16674.000000 17224.779297
15984.000000 16359.458008
15355.000000 15567.122070
17095.000000 14969.719727
16702.000000 17920.738281
16709.000000 16493.605469
16708.000000 16999.216797
17053.000000 16891.251953
17393.000000 17471.064453
18021.000000 17775.042969
18588.000000 18601.628906
18945.000000 19088.326172
18720.000000 19294.937500
18306.000000 18645.699219
17679.000000 18121.757812
16997.000000 17333.484375
16599.000000 16636.351562
16163.000000 16398.740234
16148.000000 15991.794922
16462.000000 16251.808594
16914.000000 16783.332031
17635.000000 17345.542969
17762.000000 18232.875000
17677.000000 17911.306641
17234.000000 17728.921875
16820.000000 17049.574219
16111.000000 16690.916016
16738.000000 15876.444336
16474.000000 17233.398438
16452.000000 16584.490234
16466.000000 16842.203125
16870.000000 16837.234375
17899.000000 17460.443359
19591.000000 18842.578125
20378.000000 21018.046875
19889.000000 20941.894531
19567.000000 19579.945312
19161.000000 19417.509766
18564.000000 18830.216797
18064.000000 18170.882812
17707.000000 17774.353516
17175.000000 17553.367188
16818.000000 16992.722656
16893.000000 16775.541016
17133.000000 17074.687500
18207.000000 17368.109375
18899.000000 18947.638672
19033.000000 19272.191406
18898.000000 19066.382812
18410.000000 18782.359375
17661.000000 18115.320312
15487.000000 17308.996094
15090.000000 14663.397461
14994.000000 14978.904297
15060.000000 15121.261719
15383.000000 15501.387695
16336.000000 16099.033203
18089.000000 17458.134766
18889.000000 19705.402344
18638.000000 19496.410156
18450.000000 18537.328125
18275.000000 18373.779297
18023.000000 18132.951172
18037.000000 17905.097656
17972.000000 18161.906250
17675.000000 18155.814453
17510.000000 17817.210938
17725.000000 17763.208984
18114.000000 18171.464844
18785.000000 18578.494141
19357.000000 19327.818359
19437.000000 19662.748047
19000.000000 19299.310547
18166.000000 18514.851562
17299.000000 17489.867188
15448.000000 16678.027344
15160.000000 14578.942383
15101.000000 14941.395508
15048.000000 15156.629883
15447.000000 15355.660156
16238.000000 16133.551758
17814.000000 17197.968750
18623.000000 19302.560547
18619.000000 19348.080078
18446.000000 18801.966797
18146.000000 18487.423828
17724.000000 18063.736328
17423.000000 17602.380859
17217.000000 17413.964844
16914.000000 17321.986328
16562.000000 17037.613281
16601.000000 16696.591797
16874.000000 16935.460938
17866.000000 17258.744141
18276.000000 18627.187500
18202.000000 18454.857422
17786.000000 18061.582031
17050.000000 17399.289062
16053.000000 16529.542969
16476.000000 15505.375977
16193.000000 16619.753906
15988.000000 16173.793945
15906.000000 16202.156250
16144.000000 16246.133789
16869.000000 16697.291016
18501.000000 17703.068359
19243.000000 19966.046875
18929.000000 19859.830078
18529.000000 18845.843750
18371.000000 18371.384766
18063.000000 18259.699219
17830.000000 17870.154297
17740.000000 17751.533203
17556.000000 17806.246094
17473.000000 17632.566406
17638.000000 17646.859375
18019.000000 17939.017578
18654.000000 18398.458984
18849.000000 19132.214844
18647.000000 18925.962891
18067.000000 18462.234375
17228.000000 17645.171875
16139.000000 16713.265625
19223.000000 15588.364258
19102.000000 21139.693359
19154.000000 19006.593750
19269.000000 19752.109375
19641.000000 19609.365234
20360.000000 20150.347656
21700.000000 21042.097656
22522.000000 22895.673828
22425.000000 23205.480469
21780.000000 22411.246094
20979.000000 21369.679688
20196.000000 20402.835938
19345.000000 19581.328125
18782.000000 18685.501953
18299.000000 18319.281250
18008.000000 17916.800781
17958.000000 17783.980469
18344.000000 17890.501953
19412.000000 18548.380859
19867.000000 20095.812500
19537.000000 20094.822266
19093.000000 19346.089844
18112.000000 18913.953125
17137.000000 17661.589844
17167.000000 16806.710938
16763.000000 17379.808594
16762.000000 16879.250000
16844.000000 17245.021484
16965.000000 17402.578125
17182.000000 17536.753906
17722.000000 17714.361328
18272.000000 18335.048828
18882.000000 18757.804688
19116.000000 19365.976562
19059.000000 19309.218750
18774.000000 19114.367188
18637.000000 18712.169922
18489.000000 18705.173828
18276.000000 18577.818359
18254.000000 18376.556641
18455.000000 18497.849609
19019.000000 18827.781250
20131.000000 19607.115234
20711.000000 21069.205078
20656.000000 21073.792969
20421.000000 20525.615234
19883.000000 20120.814453
19451.000000 19338.009766
19636.000000 19018.023438
19316.000000 19632.597656
19303.000000 19085.785156
19306.000000 19413.468750
19355.000000 19443.277344
19677.000000 19559.259766
20045.000000 20048.759766
20552.000000 20390.412109
20916.000000 20970.697266
20905.000000 21171.824219
20700.000000 20880.044922
20365.000000 20561.298828
19772.000000 20145.011719
19345.000000 19416.273438
19086.000000 19142.091797
18966.000000 19012.429688
19017.000000 19030.769531
19282.000000 19225.646484
19990.000000 19636.115234
20008.000000 20641.787109
19659.000000 20050.869141
19224.000000 19495.865234
18473.000000 18950.166016
17724.000000 18010.404297
20196.000000 17324.937500
20035.000000 21951.271484
19871.000000 19898.117188
20092.000000 20257.523438
20451.000000 20507.019531
21376.000000 20931.447266
22802.000000 22292.195312
23680.000000 24144.871094
23442.000000 24483.710938
22878.000000 23321.746094
22364.000000 22568.447266
21760.000000 21968.054688
21235.000000 21238.550781
20585.000000 20763.853516
20093.000000 20024.103516
19580.000000 19650.857422
19714.000000 19109.671875
20199.000000 19658.066406
21405.000000 20355.578125
21704.000000 22160.658203
21818.000000 21683.841797
21598.000000 21869.712891
20807.000000 21379.931641
20106.000000 20305.878906
19897.000000 19770.935547
19709.000000 19916.724609
19592.000000 19834.693359
19714.000000 19872.544922
20078.000000 20194.517578
21004.000000 20701.761719
22475.000000 21999.675781
23326.000000 23819.312500
23228.000000 23927.142578
22684.000000 23058.960938
22030.000000 22212.822266
21435.000000 21461.611328
20907.000000 20928.388672
20702.000000 20500.277344
20239.000000 20592.177734
20097.000000 20018.316406
20224.000000 20156.402344
20827.000000 20424.037109
22078.000000 21335.832031
22646.000000 23039.845703
22601.000000 22878.988281
22383.000000 22436.490234
21467.000000 22096.716797
20717.000000 20698.306641
17338.000000 20191.291016
16980.000000 15650.588867
16870.000000 16630.816406
17013.000000 16798.691406
17288.000000 17399.156250
18168.000000 17923.343750
19291.000000 19242.888672
20235.000000 20408.494141
20541.000000 21064.939453
20885.000000 20787.556641
21109.000000 21231.150391
21039.000000 21358.783203
20833.000000 21192.964844
20665.000000 20991.759766
20505.000000 20906.744141
20354.000000 20778.181641
20519.000000 20631.626953
21029.000000 20979.671875
22098.000000 21626.501953
22455.000000 23002.873047
22247.000000 22464.445312
21816.000000 21789.541016
21190.000000 21097.636719
20323.000000 20320.208984
17129.000000 19378.796875
16824.000000 15363.755859
16810.000000 16274.337891
16810.000000 16616.781250
16985.000000 16990.123047
17887.000000 17490.189453
19233.000000 18968.896484
20114.000000 20634.654297
20308.000000 21035.511719
20455.000000 20675.013672
20425.000000 20794.845703
20372.000000 20583.224609
20321.000000 20575.753906
20182.000000 20567.517578
19980.000000 20417.818359
19741.000000 20199.814453
19795.000000 19914.638672
20345.000000 20114.474609
20917.000000 20914.621094
20763.000000 21341.986328
20277.000000 20481.113281
19682.000000 19728.986328
18845.000000 18983.998047
18029.000000 18026.132812
17510.000000 17318.591797
17444.000000 17059.917969
17452.000000 17375.753906
17590.000000 17608.863281
17960.000000 17978.962891
19059.000000 18574.341797
20786.000000 20228.128906
21590.000000 22481.041016
21261.000000 22382.886719
20848.000000 21254.052734
20496.000000 20808.931641
19939.000000 20379.785156
19648.000000 19679.458984
19177.000000 19589.941406
19000.000000 19011.904297
18778.000000 19062.617188
18951.000000 18772.466797
19323.000000 19170.957031
20265.000000 19562.296875
20394.000000 20851.744141
20208.000000 20231.259766
19684.000000 19939.076172
18856.000000 19180.269531
17801.000000 18267.085938
19133.000000 17201.169922
19018.000000 19973.316406
19048.000000 19116.968750
19047.000000 19535.160156
19258.000000 19424.025391
19566.000000 19757.542969
20010.000000 20022.828125
20361.000000 20491.150391
20568.000000 20688.000000
20410.000000 20756.572266
19587.000000 20308.154297
18977.000000 19061.412109
18653.000000 18624.164062
18130.000000 18446.980469
17680.000000 17871.150391
17458.000000 17539.826172
17566.000000 17480.146484
18250.000000 17806.480469
19364.000000 18874.533203
19564.000000 20304.794922
19434.000000 19759.802734
19196.000000 19495.048828
18559.000000 19115.839844
17841.000000 18242.818359
19283.000000 17539.861328
18990.000000 20350.351562
18855.000000 18952.847656
18917.000000 19210.623047
19147.000000 19250.777344
19630.000000 19552.818359
20280.000000 20138.220703
20877.000000 20836.529297
21216.000000 21328.763672
21124.000000 21428.789062
20747.000000 20997.205078
20090.000000 20434.101562
19469.000000 19597.740234
18787.000000 19032.820312
18312.000000 18345.162109
17910.000000 18048.687500
18152.000000 17738.212891
18753.000000 18415.101562
20106.000000 19272.238281
20542.000000 21229.062500
20603.000000 20812.992188
20300.000000 20718.656250
19933.000000 20074.152344
19437.000000 19706.294922
20180.000000 19156.707031
19979.000000 20803.931641
19873.000000 20002.027344
19936.000000 20166.294922
20266.000000 20281.718750
21178.000000 20778.357422
22712.000000 22083.769531
23689.000000 24082.062500
23553.000000 24391.087891
22886.000000 23304.091797
22123.000000 22286.259766
21218.000000 21402.683594
20643.000000 20398.603516
20139.000000 20084.273438
19746.000000 19686.394531
19415.000000 19464.017578
19595.000000 19233.210938
20133.000000 19775.277344
21074.000000 20536.009766
21274.000000 21768.988281
21281.000000 21295.796875
21216.000000 21269.402344
20463.000000 21121.011719
19733.000000 19953.279297
19857.000000 19372.355469
19648.000000 20068.019531
19613.000000 19730.158203
19560.000000 19955.992188
19887.000000 19889.474609
20742.000000 20482.847656
22353.000000 21657.318359
23356.000000 23853.562500
23290.000000 24112.876953
22665.000000 23175.453125
22060.000000 22168.369141
21551.000000 21550.601562
20957.000000 21091.001953
20441.000000 20491.857422
20033.000000 20104.466797
19814.000000 19819.679688
20007.000000 19760.298828
20652.000000 20231.601562
21975.000000 21162.546875
22547.000000 22988.669922
22603.000000 22765.724609
22252.000000 22526.716797
21468.000000 21847.054688
20813.000000 20824.585938
19215.000000 20343.056641
18690.000000 18269.281250
18554.000000 18445.142578
18468.000000 18596.859375
18948.000000 18706.724609
19735.000000 19646.177734
21014.000000 20618.234375
21885.000000 22222.828125
22207.000000 22546.884766
21945.000000 22417.332031
21508.000000 21695.738281
21268.000000 21201.857422
20980.000000 21135.082031
20634.000000 20878.154297
20270.000000 20593.296875
20110.000000 20276.080078
20339.000000 20276.029297
21009.000000 20749.576172
22264.000000 21678.642578
22397.000000 23315.972656
22374.000000 22239.125000
21941.000000 22233.529297
21103.000000 21321.349609
20403.000000 20287.074219
21686.000000 19744.974609
21558.000000 22468.267578
21478.000000 21404.505859
21435.000000 21707.455078
21761.000000 21606.585938
22581.000000 22224.554688
23692.000000 23387.966797
24420.000000 24711.646484
24274.000000 25019.603516
23965.000000 24096.660156
23518.000000 23715.144531
22937.000000 23058.400391
22493.000000 22383.802734
22266.000000 22056.164062
22253.000000 22000.804688
22276.000000 22176.257812
22512.000000 22238.908203
22846.000000 22639.373047
23547.000000 22995.779297
23369.000000 23983.199219
22753.000000 22973.638672
22043.000000 22181.917969
20960.000000 21399.435547
19805.000000 20120.035156
19458.000000 19034.714844
19400.000000 19224.099609
19460.000000 19455.890625
19520.000000 19741.515625
19891.000000 19867.015625
20776.000000 20463.183594
22190.000000 21685.730469
23199.000000 23511.611328
23257.000000 24101.365234
23395.000000 23412.220703
23188.000000 23766.527344
22857.000000 23177.847656
22591.000000 22843.730469
22156.000000 22618.414062
21671.000000 22043.632812
21377.000000 21512.400391
21635.000000 21291.548828
22327.000000 21864.435547
23719.000000 22770.015625
24065.000000 24673.068359
23822.000000 23843.742188
23465.000000 23296.201172
22843.000000 22813.964844
22059.000000 22038.933594
18352.000000 21270.566406
18036.000000 16279.881836
17906.000000 17548.314453
17941.000000 17712.171875
17998.000000 18195.841797
18434.000000 18456.576172
18896.000000 19194.351562
19433.000000 19564.933594
19915.000000 20055.976562
19971.000000 20392.664062
19745.000000 20122.015625
19569.000000 19775.937500
19447.000000 19688.031250
19283.000000 19657.642578
18980.000000 19541.914062
18902.000000 19203.574219
19365.000000 19296.281250
20289.000000 20108.988281
21058.000000 21331.529297
21052.000000 21841.437500
20978.000000 21062.777344
20732.000000 20886.861328
20524.000000 20350.017578
20158.000000 20163.517578
18067.000000 19708.570312
17914.000000 16777.408203
17904.000000 17688.312500
17910.000000 17809.906250
18178.000000 18044.843750
18599.000000 18582.281250
19338.000000 19128.625000
20093.000000 20074.816406
20353.000000 20769.160156
20304.000000 20611.960938
20108.000000 20372.291016
19798.000000 20072.384766
19440.000000 19711.550781
19066.000000 19365.238281
18748.000000 19024.041016
18763.000000 18778.404297
18868.000000 19026.535156
19517.000000 19175.812500
20482.000000 20188.195312
20489.000000 21294.101562
20389.000000 20414.582031
19988.000000 20300.339844
19414.000000 19563.507812
18808.000000 18925.017578
16984.000000 18344.914062
16600.000000 16034.968750
16407.000000 16389.849609
16451.000000 16381.774414
16799.000000 16744.498047
17523.000000 17377.804688
19060.000000 18375.460938
20060.000000 20492.298828
20146.000000 20909.558594
20064.000000 20321.062500
19971.000000 20155.646484
19953.000000 20002.669922
19687.000000 20073.679688
19595.000000 19696.021484
19402.000000 19796.677734
19285.000000 19548.636719
19418.000000 19498.595703
19903.000000 19743.572266
20688.000000 20380.210938
20748.000000 21258.617188
20551.000000 20581.433594
20324.000000 20208.587891
19587.000000 19878.066406
18845.000000 18839.242188
17957.000000 18209.007812
17576.000000 17336.281250
17317.000000 17335.832031
17295.000000 17274.951172
17518.000000 17534.390625
18468.000000 17994.357422
19943.000000 19481.529297
20843.000000 21355.863281
20691.000000 21688.316406
20675.000000 20711.035156
20549.000000 20853.308594
20316.000000 20520.953125
19981.000000 20271.646484
19820.000000 19904.021484
19486.000000 19905.310547
19131.000000 19471.115234
19238.000000 19120.105469
19771.000000 19487.546875
20367.000000 20233.441406
20372.000000 20781.744141
20195.000000 20239.429688
19646.000000 19924.671875
18631.000000 19074.267578
17692.000000 17860.285156
18660.000000 17058.082031
18556.000000 19127.289062
18519.000000 18579.453125
18723.000000 18836.964844
19043.000000 19199.380859
19966.000000 19600.253906
21749.000000 20960.714844
22578.000000 23452.369141
22276.000000 23285.275391
21822.000000 22195.181641
21494.000000 21648.980469
20861.000000 21299.958984
20263.000000 20429.724609
19826.000000 19896.646484
19399.000000 19565.074219
19147.000000 19162.136719
19438.000000 19028.373047
20150.000000 19643.785156
21273.000000 20595.251953
21334.000000 21999.935547
21171.000000 21106.330078
20650.000000 20952.187500
19885.000000 20137.027344
18647.000000 19329.767578
17920.000000 17930.080078
17621.000000 17577.039062
17529.000000 17592.835938
17437.000000 17775.685547
17766.000000 17797.275391
18700.000000 18423.884766
20176.000000 19715.830078
21057.000000 21527.785156
20867.000000 21752.416016
20636.000000 20744.074219
20431.000000 20565.962891
20219.000000 20311.521484
19895.000000 20158.275391
19845.000000 19834.832031
19600.000000 20047.423828
19538.000000 19700.851562
19791.000000 19795.367188
20422.000000 20198.332031
21569.000000 21012.068359
21656.000000 22455.839844
21505.000000 21455.285156
21138.000000 21244.947266
20195.000000 20605.652344
19303.000000 19343.974609
18721.000000 18589.835938
18622.000000 18248.082031
18578.000000 18546.560547
18742.000000 18692.685547
19026.000000 19119.064453
20059.000000 19516.568359
21536.000000 21103.767578
22528.000000 22869.662109
22406.000000 23356.568359
22057.000000 22313.470703
21742.000000 21911.208984
21342.000000 21547.662109
20869.000000 21110.669922
20487.000000 20641.041016
20130.000000 20366.687500
20033.000000 20047.947266
20210.000000 20131.919922
20716.000000 20447.458984
21491.000000 21114.751953
21397.000000 21987.417969
21104.000000 21070.804688
20559.000000 20719.593750
19661.000000 19951.681641
18585.000000 18926.046875
14720.000000 17873.035156
14323.000000 13327.512695
14258.000000 13965.886719
14327.000000 14279.171875
14404.000000 14797.126953
14651.000000 15117.473633
15259.000000 15510.250977
16019.000000 16231.787109
16815.000000 16933.923828
17380.000000 17655.703125
17512.000000 18034.431641
17557.000000 17925.283203
17665.000000 17965.478516
17721.000000 18124.332031
17617.000000 18180.431641
17781.000000 18005.615234
18163.000000 18344.785156
19045.000000 18824.404297
20158.000000 20009.900391
20526.000000 21144.302734
20538.000000 20678.839844
20243.000000 20355.052734
19663.000000 19684.917969
19138.000000 18897.058594
16358.000000 18435.412109
15895.000000 14810.109375
15612.000000 15318.832031
15590.000000 15254.616211
15643.000000 15634.522461
15885.000000 15935.525391
16373.000000 16385.263672
16964.000000 17010.458984
17372.000000 17603.369141
17619.000000 17838.099609
17521.000000 17976.179688
17173.000000 17678.328125
16686.000000 17237.070312
16186.000000 16709.408203
15823.000000 16235.806641
15734.000000 15975.201172
16021.000000 16067.347656
16621.000000 16600.322266
17140.000000 17391.542969
16977.000000 17771.339844
16827.000000 17032.662109
16532.000000 16813.255859
15992.000000 16308.903320
15282.000000 15655.146484
18264.000000 14925.493164
18013.000000 20023.984375
17893.000000 17823.761719
18086.000000 18315.572266
18354.000000 18454.802734
19212.000000 18759.103516
20710.000000 20016.439453
21617.000000 22036.009766
21446.000000 22406.708984
21086.000000 21392.140625
20703.000000 20911.345703
20288.000000 20361.939453
19779.000000 19876.417969
19232.000000 19294.281250
18642.000000 18740.189453
18080.000000 18143.974609
18090.000000 17622.093750
18485.000000 17970.396484
19406.000000 18615.896484
19368.000000 19953.607422
19165.000000 19235.636719
18807.000000 19073.121094
18046.000000 18594.792969
17019.000000 17679.312500
16768.000000 16621.478516
16451.000000 16808.968750
16261.000000 16558.412109
16293.000000 16569.496094
16604.000000 16786.626953
17578.000000 17275.794922
19036.000000 18652.398438
20096.000000 20400.593750
20066.000000 21033.355469
19981.000000 20123.708984
19943.000000 20079.402344
19770.000000 19971.242188
19783.000000 19740.695312
19722.000000 19937.980469
19530.000000 19869.466797
19423.000000 19634.955078
19660.000000 19573.945312
20249.000000 19981.646484
21200.000000 20720.988281
21213.000000 21843.931641
21177.000000 20938.310547
20705.000000 20944.945312
19776.000000 20049.335938
18842.000000 18926.777344
17041.000000 18078.054688
16672.000000 16013.515625
16512.000000 16364.685547
16558.000000 16471.449219
16813.000000 16856.050781
17658.000000 17362.613281
19088.000000 18631.445312
20060.000000 20460.312500
19776.000000 20955.570312
19523.000000 19708.929688
19327.000000 19591.302734
19108.000000 19324.283203
18931.000000 19143.283203
18827.000000 19056.074219
18626.000000 19064.650391
18532.000000 18843.191406
18666.000000 18823.845703
19304.000000 19041.402344
19889.000000 19932.144531
19937.000000 20313.091797
19666.000000 19854.054688
19168.000000 19320.619141
18483.000000 18640.363281
17467.000000 17885.083984
16321.000000 16792.490234
15874.000000 15722.144531
15672.000000 15672.443359
15736.000000 15733.208008
16096.000000 16101.932617
17045.000000 16733.408203
18613.000000 18089.410156
19659.000000 20089.550781
19495.000000 20606.046875
19535.000000 19524.009766
19552.000000 19793.355469
19481.000000 19662.869141
19316.000000 19599.708984
19089.000000 19422.380859
18759.000000 19202.789062
18531.000000 18823.833984
18711.000000 18648.281250
19322.000000 19034.906250
20188.000000 19848.197266
20080.000000 20782.955078
19989.000000 19768.626953
19574.000000 19735.087891
18577.000000 18983.240234
17735.000000 17739.181641
15562.000000 17085.175781
15351.000000 14551.640625
15202.000000 15141.211914
15205.000000 15230.270508
15505.000000 15569.057617
16403.000000 16175.790039
17699.000000 17486.214844
18871.000000 19014.298828
19073.000000 19993.697266
19239.000000 19376.738281
19311.000000 19596.947266
19169.000000 19514.429688
19103.000000 19281.451172
18949.000000 19312.679688
18812.000000 19133.746094
18602.000000 19047.867188
18772.000000 18776.908203
19352.000000 19158.089844
19843.000000 19907.492188
19812.000000 20172.900391
19512.000000 19616.626953
19008.000000 19058.267578
18054.000000 18364.751953
17041.000000 17207.166016
15981.000000 16286.726562
15510.000000 15341.886719
15319.000000 15248.457031
15214.000000 15362.363281
15349.000000 15498.166016
15496.000000 15885.487305
15937.000000 16080.036133
16743.000000 16669.820312
17550.000000 17630.015625
17949.000000 18382.720703
18056.000000 18485.978516
18229.000000 18414.447266
18345.000000 18619.529297
18258.000000 18688.580078
18014.000000 18496.921875
17910.000000 18166.039062
18122.000000 18133.248047
18572.000000 18509.195312
19070.000000 19074.578125
18633.000000 19530.572266
18381.000000 18314.560547
17744.000000 18166.669922
16946.000000 17151.771484
16214.000000 16315.250977
16686.000000 15654.830078
16233.000000 16752.826172
16117.000000 15999.811523
16050.000000 16230.632812
16211.000000 16236.482422
16595.000000 16594.490234
17194.000000 17136.322266
17976.000000 17892.769531
18452.000000 18807.669922
18640.000000 19054.228516
18438.000000 19050.140625
18031.000000 18551.107422
17479.000000 17999.662109
16977.000000 17332.023438
16364.000000 16848.486328
16122.000000 16184.235352
16353.000000 16151.125977
17411.000000 16644.582031
18263.000000 18246.455078
18344.000000 18928.244141
18351.000000 18429.857422
17938.000000 18371.363281
17422.000000 17612.576172
16639.000000 17091.996094
15981.000000 16223.383789
15627.000000 15711.511719
15370.000000 15576.833008
15540.000000 15486.445312
15806.000000 15980.817383
16811.000000 16358.383789
18382.000000 17831.623047
19520.000000 19744.089844
19513.000000 20428.376953
19438.000000 19518.636719
19360.000000 19477.833984
19059.000000 19302.234375
18890.000000 18906.224609
18638.000000 18885.121094
18266.000000 18635.078125
17919.000000 18252.136719
17995.000000 17934.863281
18751.000000 18238.412109
19564.000000 19376.060547
19379.000000 20112.361328
19182.000000 19076.457031
18917.000000 18899.433594
18244.000000 18479.410156
17333.000000 17633.927734
17189.000000 16723.445312
16828.000000 17044.318359
16692.000000 16717.681641
16673.000000 16869.984375
16981.000000 17014.867188
17803.000000 17581.644531
19363.000000 18744.273438
20293.000000 20849.710938
20047.000000 21133.917969
19854.000000 20000.640625
19727.000000 19894.490234
19443.000000 19677.406250
19203.000000 19316.222656
19067.000000 19154.777344
18981.000000 19127.066406
18790.000000 19114.695312
18910.000000 18862.691406
19436.000000 19159.779297
19788.000000 19873.431641
19572.000000 19989.166016
19295.000000 19311.964844
18807.000000 18980.716797
17838.000000 18324.212891
16803.000000 17164.945312
17307.000000 16212.379883
16915.000000 17523.761719
16913.000000 16834.564453
16987.000000 17240.519531
17450.000000 17383.203125
18473.000000 18129.195312
20167.000000 19520.654297
21137.000000 21755.789062
20915.000000 22016.111328
20247.000000 20918.812500
19790.000000 19996.625000
19120.000000 19601.341797
18774.000000 18760.402344
18347.000000 18653.154297
17983.000000 18207.529297
17799.000000 17939.757812
18105.000000 17859.994141
19000.000000 18428.626953
20100.000000 19643.439453
20123.000000 20801.507812
19967.000000 19901.226562
19565.000000 19749.285156
18698.000000 19136.673828
17742.000000 18100.945312
14523.000000 17217.550781
14274.000000 13416.450195
14144.000000 14083.603516
14227.000000 14238.219727
14426.000000 14733.062500
15378.000000 15160.869141
17223.000000 16555.285156
18552.000000 18898.070312
18525.000000 19606.402344
18640.000000 18560.457031
18765.000000 18893.824219
18787.000000 18929.748047
18821.000000 18991.574219
18715.000000 19127.796875
18459.000000 19014.912109
18518.000000 18717.097656
18799.000000 18987.439453
19659.000000 19344.992188
20336.000000 20525.513672
20302.000000 20794.263672
20039.000000 20027.179688
19625.000000 19507.560547
18914.000000 18890.914062
17945.000000 18042.554688
13495.000000 17063.802734
13203.000000 12038.297852
13009.000000 12661.140625
13253.000000 12811.790039
13374.000000 13627.933594
14013.000000 14061.612305
15085.000000 15109.554688
16127.000000 16393.263672
16384.000000 17277.859375
16722.000000 16898.287109
16929.000000 17285.199219
17013.000000 17329.884766
16837.000000 17389.984375
16825.000000 17101.251953
16783.000000 17216.189453
16697.000000 17173.113281
16806.000000 17082.201172
17450.000000 17276.285156
17788.000000 18174.896484
17710.000000 18115.076172
17452.000000 17625.382812
17051.000000 17111.468750
16180.000000 16536.976562
15254.000000 15459.441406
13130.000000 14615.167969
12673.000000 12365.182617
12576.000000 12413.686523
12467.000000 12607.457031
12530.000000 12782.158203
12670.000000 13108.457031
13112.000000 13371.437500
13746.000000 13937.795898
14303.000000 14585.960938
14688.000000 15024.169922
14717.000000 15264.943359
14792.000000 15080.894531
14874.000000 15160.864258
14765.000000 15222.788086
14647.000000 15039.301758
14573.000000 14931.665039
14766.000000 14875.888672
15609.000000 15191.802734
15999.000000 16372.817383
15838.000000 16408.712891
15648.000000 15862.910156
15325.000000 15547.100586
14786.000000 15052.717773
14026.000000 14413.667969
13773.000000 13622.825195
13370.000000 13600.687500
13104.000000 13255.034180
12970.000000 13168.193359
13021.000000 13186.312500
13324.000000 13390.294922
13727.000000 13839.232422
14460.000000 14291.146484
15116.000000 15167.786133
15704.000000 15743.264648
15998.000000 16282.875977
15966.000000 16384.601562
15736.000000 16171.698242
15477.000000 15827.869141
15133.000000 15539.943359
15123.000000 15154.188477
15374.000000 15314.903320
16008.000000 15717.744141
16259.000000 16593.462891
16044.000000 16564.292969
15689.000000 16020.562500
15254.000000 15503.097656
14587.000000 14957.787109
13802.000000 14202.375977
15518.000000 13446.216797
14987.000000 16223.708984
14787.000000 14837.120117
14644.000000 15030.275391
14902.000000 14848.906250
15521.000000 15326.173828
17220.000000 16139.517578
18226.000000 18599.623047
18205.000000 19111.310547
18053.000000 18429.716797
18018.000000 18180.619141
17891.000000 18089.613281
17608.000000 17866.574219
17515.000000 17504.552734
17263.000000 17538.517578
17032.000000 17202.269531
17116.000000 17000.894531
17530.000000 17234.460938
17565.000000 17800.072266
17236.000000 17540.832031
16833.000000 16986.570312
16469.000000 16520.539062
15654.000000 16178.687500
14629.000000 15228.771484
17313.000000 14251.404297
17056.000000 18822.523438
16919.000000 17055.097656
16994.000000 17395.417969
17455.000000 17391.402344
18393.000000 18067.466797
20095.000000 19293.667969
21079.000000 21649.564453
20587.000000 21988.380859
20110.000000 20396.566406
19548.000000 20021.267578
18895.000000 19208.009766
18246.000000 18485.318359
17968.000000 17831.902344
17634.000000 17778.998047
17454.000000 17435.363281
17745.000000 17368.972656
18761.000000 17908.076172
19240.000000 19365.228516
19103.000000 19400.892578
18898.000000 18908.914062
18407.000000 18694.316406
17325.000000 18061.074219
16304.000000 16787.388672
16866.000000 15915.355469
16473.000000 17282.621094
16332.000000 16580.750000
16373.000000 16748.998047
16647.000000 16872.375000
17676.000000 17251.041016
19266.000000 18694.433594
20358.000000 20615.955078
20148.000000 21212.681641
19776.000000 20008.841797
19533.000000 19654.150391
19098.000000 19403.476562
18813.000000 18877.628906
18522.000000 18751.906250
18249.000000 18508.914062
17878.000000 18304.894531
18292.000000 17877.937500
19442.000000 18755.078125
20294.000000 20330.486328
20242.000000 20820.888672
20228.000000 20010.701172
19949.000000 20045.095703
19058.000000 19501.335938
18027.000000 18341.638672
16010.000000 17365.437500
15561.000000 15086.485352
15335.000000 15316.791992
15289.000000 15358.953125
15502.000000 15636.637695
16512.000000 16118.484375
18087.000000 17638.265625
19111.000000 19543.835938
18860.000000 19981.097656
18739.000000 18770.892578
18802.000000 18831.126953
18694.000000 18908.152344
18717.000000 18771.900391
18611.000000 18978.955078
18428.000000 18866.111328
18337.000000 18699.111328
18660.000000 18664.667969
19628.000000 19210.447266
20276.000000 20546.880859
20153.000000 20742.136719
19930.000000 19919.964844
19502.000000 19565.240234
18469.000000 18896.886719
17565.000000 17571.507812
13687.000000 16844.697266
13308.000000 12366.632812
13200.000000 12870.983398
13268.000000 13106.688477
13685.000000 13631.014648
14821.000000 14481.584961
16672.000000 16141.136719
17895.000000 18468.548828
17930.000000 19037.900391
17992.000000 18205.964844
17982.000000 18343.707031
17843.000000 18191.632812
17604.000000 18030.410156
17412.000000 17779.011719
17132.000000 17662.066406
16990.000000 17369.175781
17304.000000 17326.810547
18304.000000 17877.984375
19163.000000 19235.955078
19132.000000 19744.847656
18928.000000 18856.916016
18390.000000 18479.900391
17707.000000 17639.105469
16833.000000 16955.351562
13253.000000 16108.884766
12895.000000 12120.871094
12820.000000 12516.585938
12796.000000 12781.422852
12854.000000 13171.299805
13119.000000 13534.166016
13629.000000 13989.072266
14265.000000 14553.735352
14946.000000 15107.335938
15274.000000 15678.802734
15222.000000 15739.949219
15274.000000 15499.938477
15378.000000 15605.953125
15534.000000 15743.124023
15632.000000 15979.230469
15665.000000 16102.220703
15867.000000 16129.864258
16618.000000 16408.076172
16808.000000 17429.679688
16601.000000 17099.462891
16356.000000 16566.468750
15816.000000 16148.220703
15054.000000 15363.146484
14204.000000 14517.031250
12759.000000 13693.827148
12334.000000 12229.902344
12054.000000 12162.154297
11962.000000 12081.791016
12018.000000 12242.893555
12255.000000 12497.915039
12866.000000 12882.415039
13557.000000 13657.611328
14260.000000 14352.777344
14860.000000 15026.088867
15213.000000 15532.414062
15161.000000 15732.217773
14920.000000 15459.033203
14823.000000 15112.233398
14511.000000 15046.923828
14322.000000 14627.308594
14565.000000 14506.500977
15327.000000 14947.595703
15751.000000 15991.295898
15683.000000 16159.750000
15507.000000 15725.342773
15113.000000 15381.388672
14559.000000 14789.285156
13808.000000 14171.015625
13960.000000 13408.857422
13383.000000 13922.151367
13093.000000 13238.775391
13060.000000 13193.463867
13269.000000 13340.043945
14044.000000 13737.461914
15596.000000 14830.320312
16710.000000 16878.267578
16602.000000 17680.214844
16593.000000 16749.527344
16639.000000 16816.035156
16588.000000 16741.033203
16446.000000 16640.345703
16354.000000 16479.021484
15996.000000 16454.185547
15780.000000 15992.863281
15875.000000 15874.706055
16251.000000 16106.463867
16403.000000 16598.310547
16134.000000 16542.271484
15893.000000 15973.257812
15384.000000 15693.885742
14556.000000 15027.981445
13580.000000 14143.088867
15415.000000 13224.841797
15047.000000 16205.679688
14884.000000 15075.645508
14880.000000 15258.602539
15219.000000 15267.818359
16155.000000 15786.827148
17829.000000 17053.699219
18851.000000 19282.755859
18658.000000 19788.703125
18133.000000 18741.718750
17688.000000 18027.435547
17134.000000 17503.304688
16806.000000 16843.804688
16596.000000 16645.314453
16311.000000 16532.562500
16121.000000 16267.136719
16376.000000 16153.275391
17272.000000 16624.267578
17686.000000 17856.771484
17539.000000 17877.732422
17324.000000 17391.365234
16875.000000 17129.312500
15778.000000 16561.437500
14787.000000 15269.719727
15920.000000 14438.280273
15653.000000 16515.640625
15620.000000 15816.857422
15600.000000 16104.306641
15996.000000 16046.839844
16995.000000 16647.669922
18571.000000 17935.841797
19655.000000 19886.027344
19424.000000 20512.259766
18925.000000 19312.037109
18201.000000 18741.439453
17642.000000 17793.541016
17071.000000 17338.212891
16701.000000 16787.501953
16211.000000 16597.730469
15875.000000 16121.589844
16040.000000 15916.639648
17123.000000 16329.906250
18112.000000 17918.865234
18256.000000 18750.574219
18279.000000 18253.470703
17995.000000 18228.960938
17134.000000 17720.193359
16114.000000 16650.875000
13889.000000 15674.712891
13590.000000 13220.402344
13478.000000 13522.447266
13524.000000 13675.363281
13860.000000 14051.264648
14803.000000 14665.681641
16385.000000 15938.430664
17439.000000 17807.593750
17564.000000 18259.820312
17524.000000 17707.228516
17516.000000 17583.697266
17205.000000 17557.615234
16876.000000 17136.060547
16510.000000 16876.902344
16251.000000 16552.671875
15971.000000 16421.738281
16260.000000 16179.744141
17494.000000 16799.464844
18344.000000 18590.875000
18585.000000 18963.679688
18600.000000 18635.298828
18337.000000 18371.316406
17462.000000 17853.158203
16660.000000 16707.203125
12320.000000 16056.405273
11937.000000 11220.370117
11552.000000 11537.998047
11418.000000 11416.646484
11431.000000 11729.079102
11666.000000 12121.625000
11990.000000 12599.213867
12486.000000 12915.871094
12899.000000 13329.963867
13536.000000 13535.277344
14060.000000 14174.488281
14441.000000 14612.379883
14587.000000 14973.953125
14569.000000 15055.221680
14552.000000 14992.473633
14663.000000 14982.372070
15009.000000 15156.608398
15982.000000 15626.977539
16293.000000 16966.232422
16263.000000 16720.945312
16204.000000 16390.650391
15848.000000 16107.000977
15243.000000 15450.445312
