12616.000000 12879.793945
12295.000000 12217.746094
12168.000000 12183.332031
12201.000000 12247.481445
13015.000000 12505.803711
14095.000000 13729.041992
15018.000000 14912.948242
15548.000000 15727.251953
15848.000000 15972.141602
16132.000000 16095.293945
16296.000000 16271.497070
16470.000000 16295.741211
16581.000000 16457.625000
16618.000000 16516.806641
16311.000000 16548.531250
16104.000000 16113.760742
16035.000000 16033.912109
15718.000000 15980.000000
15347.000000 15501.610352
15192.000000 15087.060547
15545.000000 14915.908203
14746.000000 15349.184570
13420.000000 14031.216797
12791.000000 12865.130859
12197.000000 12536.472656
11975.000000 12049.081055
11901.000000 12123.183594
12112.000000 12254.733398
12735.000000 12728.303711
14035.000000 13573.150391
15036.000000 15141.756836
15352.000000 15757.136719
15741.000000 15665.488281
15982.000000 16038.454102
16289.000000 16020.344727
16387.000000 16342.488281
16716.000000 16282.945312
17046.000000 16769.808594
17083.000000 17068.005859
17160.000000 17012.566406
17082.000000 17160.000000
16940.000000 16918.378906
16699.000000 16688.119141
16815.000000 16259.382812
16790.000000 16421.458984
15767.000000 16164.869141
14272.000000 14819.403320
12731.000000 13461.302734
12251.000000 12154.942383
11974.000000 12089.679688
12054.000000 12033.526367
12342.000000 12488.772461
13226.000000 13026.565430
14469.000000 14242.639648
15336.000000 15507.810547
15445.000000 15952.748047
15590.000000 15590.998047
15679.000000 15752.579102
15686.000000 15680.482422
15730.000000 15667.910156
15954.000000 15738.924805
15885.000000 16077.680664
15773.000000 15914.667969
15789.000000 15902.489258
15664.000000 15974.943359
15551.000000 15702.316406
15427.000000 15498.780273
15629.000000 15177.698242
15822.000000 15355.966797
14975.000000 15376.776367
13723.000000 14186.981445
12744.000000 13102.041016
12295.000000 12368.556641
12116.000000 12199.246094
12254.000000 12275.170898
12577.000000 12731.727539
13525.000000 13271.609375
14838.000000 14542.314453
15639.000000 15848.609375
15711.000000 16121.144531
15664.000000 15755.473633
15579.000000 15620.436523
15486.000000 15422.750977
15545.000000 15324.562500
15437.000000 15465.644531
15455.000000 15342.432617
15597.000000 15543.164062
15437.000000 15800.251953
15293.000000 15519.720703
15058.000000 15395.265625
14971.000000 14957.871094
15166.000000 14801.939453
15800.000000 14922.229492
14755.000000 15613.525391
13690.000000 13906.815430
12089.000000 13253.683594
11802.000000 11662.036133
11742.000000 11877.833008
11658.000000 11966.835938
11987.000000 12126.406250
12987.000000 12770.161133
14366.000000 14054.174805
15302.000000 15435.250977
15460.000000 15864.022461
15526.000000 15531.700195
15614.000000 15532.361328
15645.000000 15511.078125
15669.000000 15508.585938
15704.000000 15557.944336
15552.000000 15655.574219
15467.000000 15508.505859
15390.000000 15571.696289
15181.000000 15520.799805
15006.000000 15229.189453
14953.000000 14979.645508
15235.000000 14795.522461
15738.000000 15026.345703
14800.000000 15450.779297
13682.000000 13965.772461
11589.000000 13155.916016
11187.000000 11091.375000
10963.000000 11241.550781
11012.000000 11150.147461
10946.000000 11558.014648
11142.000000 11654.983398
11281.000000 12075.157227
11688.000000 12103.488281
12468.000000 12493.536133
12841.000000 13159.461914
12981.000000 13184.635742
12939.000000 13242.633789
13043.000000 13111.201172
13004.000000 13276.383789
12877.000000 13177.283203
12960.000000 13082.685547
13037.000000 13278.721680
13120.000000 13357.505859
13161.000000 13456.030273
13281.000000 13418.336914
13654.000000 13467.468750
14247.000000 13769.369141
13592.000000 14262.711914
12804.000000 13073.562500
12171.000000 12488.308594
11791.000000 11911.443359
11523.000000 11684.891602
11521.000000 11557.365234
11595.000000 11781.499023
11907.000000 12006.826172
12167.000000 12495.020508
12787.000000 12709.143555
13543.000000 13411.748047
13767.000000 14017.476562
13920.000000 13900.653320
13806.000000 14035.208008
13576.000000 13754.943359
13558.000000 13534.326172
13394.000000 13601.917969
13431.000000 13413.331055
13408.000000 13616.447266
13480.000000 13597.489258
13351.000000 13761.620117
13181.000000 13506.335938
13474.000000 13300.611328
13806.000000 13643.819336
13331.000000 13813.833984
12356.000000 13037.548828
13114.000000 12089.332031
12762.000000 13345.776367
12552.000000 12553.330078
12542.000000 12699.301758
12789.000000 12765.875977
13723.000000 13188.349609
15032.000000 14406.337891
15851.000000 15802.411133
15941.000000 16231.082031
15890.000000 15931.956055
15980.000000 15793.840820
15680.000000 15820.459961
15586.000000 15299.472656
15452.000000 15359.767578
15228.000000 15199.911133
15001.000000 15048.497070
14684.000000 14910.633789
14352.000000 14621.356445
14129.000000 14322.291016
14049.000000 14113.526367
14373.000000 14011.337891
14683.000000 14397.130859
14112.000000 14592.877930
13085.000000 13730.789062
12929.000000 12785.750977
12316.000000 12968.773438
12157.000000 12261.724609
12093.000000 12445.564453
12317.000000 12477.258789
13195.000000 12927.134766
14635.000000 14074.364258
15372.000000 15670.928711
15598.000000 15795.757812
15589.000000 15786.717773
15797.000000 15530.624023
15665.000000 15753.771484
15510.000000 15379.549805
15525.000000 15294.834961
15383.000000 15391.411133
15081.000000 15247.065430
15043.000000 14996.259766
15025.000000 15146.274414
14847.000000 15087.172852
14826.000000 14793.156250
15319.000000 14747.094727
15665.000000 15279.143555
14885.000000 15390.057617
13908.000000 14226.074219
13116.000000 13443.967773
12563.000000 12803.774414
12438.000000 12454.211914
12468.000000 12602.318359
12700.000000 12844.957031
13467.000000 13307.920898
14617.000000 14346.171875
15240.000000 15544.578125
15447.000000 15657.646484
15536.000000 15604.193359
15498.000000 15505.809570
15378.000000 15334.872070
15418.000000 15175.633789
15433.000000 15302.512695
15206.000000 15345.718750
15105.000000 15122.392578
15160.000000 15195.695312
15177.000000 15341.508789
15159.000000 15315.716797
15096.000000 15207.042969
15605.000000 14987.647461
15554.000000 15595.092773
14792.000000 15094.479492
13648.000000 14210.483398
13255.000000 13114.284180
12862.000000 13057.524414
12635.000000 12738.815430
12590.000000 12773.740234
12779.000000 12950.215820
13681.000000 13353.125000
15140.000000 14582.828125
15836.000000 16154.249023
16067.000000 16162.144531
15991.000000 16184.345703
16021.000000 15818.684570
16037.000000 15870.351562
15975.000000 15816.349609
15889.000000 15771.775391
15765.000000 15748.806641
15406.000000 15702.751953
15331.000000 15339.220703
15294.000000 15487.800781
15185.000000 15388.453125
15163.000000 15179.037109
15533.000000 15058.870117
15904.000000 15421.289062
15007.000000 15620.754883
13901.000000 14257.838867
12229.000000 13396.864258
11972.000000 11773.944336
11873.000000 12019.502930
11859.000000 12051.029297
12211.000000 12327.917969
13083.000000 12986.308594
14598.000000 14110.360352
15523.000000 15799.848633
15720.000000 16042.255859
15895.000000 15829.676758
15918.000000 15905.550781
16025.000000 15738.395508
15959.000000 15892.857422
15850.000000 15751.035156
15639.000000 15718.682617
15384.000000 15545.049805
15297.000000 15390.573242
15385.000000 15453.462891
15396.000000 15587.465820
15546.000000 15428.169922
15968.000000 15475.710938
15936.000000 15765.852539
15059.000000 15360.027344
13984.000000 14270.101562
11446.000000 13353.582031
11097.000000 10859.701172
10925.000000 11130.749023
10760.000000 11098.819336
11031.000000 11272.916992
11045.000000 11935.552734
11237.000000 11925.226562
11834.000000 12195.152344
12536.000000 12702.231445
13042.000000 13168.760742
13027.000000 13427.882812
13101.000000 13179.850586
13029.000000 13323.301758
12919.000000 13170.512695
12632.000000 13103.668945
12618.000000 12797.965820
12637.000000 12954.144531
12802.000000 12996.236328
12853.000000 13249.050781
13191.000000 13173.387695
13834.000000 13522.766602
14058.000000 14029.544922
13551.000000 13886.213867
12806.000000 13133.991211
12466.000000 12427.854492
11974.000000 12241.388672
11712.000000 11784.596680
11536.000000 11748.330078
11641.000000 11739.474609
12030.000000 12092.250977
12381.000000 12652.749023
12919.000000 12970.081055
13601.000000 13509.443359
13920.000000 14051.345703
14042.000000 14056.226562
13910.000000 14070.872070
13671.000000 13808.460938
13561.000000 13573.594727
13371.000000 13536.831055
13221.000000 13367.533203
13144.000000 13332.274414
13308.000000 13355.736328
13270.000000 13657.717773
13271.000000 13496.562500
13682.000000 13492.631836
13819.000000 13908.894531
13259.000000 13757.051758
12345.000000 12975.687500
13069.000000 12087.712891
12588.000000 13263.204102
12413.000000 12354.325195
12216.000000 12587.356445
12581.000000 12399.814453
13402.000000 13084.968750
14906.000000 14055.156250
15674.000000 15860.905273
15786.000000 15991.580078
15856.000000 15846.870117
15985.000000 15790.882812
15844.000000 15816.588867
15820.000000 15508.480469
15768.000000 15579.190430
15488.000000 15525.258789
15123.000000 15248.644531
15206.000000 14965.429688
14993.000000 15305.584961
14862.000000 14908.779297
14737.000000 14863.463867
15127.000000 14608.753906
15212.000000 15122.723633
14400.000000 14911.183594
13309.000000 13868.808594
13010.000000 12905.801758
12465.000000 12917.522461
12116.000000 12379.230469
12082.000000 12305.487305
12184.000000 12500.358398
12944.000000 12761.789062
14349.000000 13832.094727
15173.000000 15407.879883
15414.000000 15678.855469
15697.000000 15615.989258
15783.000000 15808.207031
15845.000000 15664.893555
15700.000000 15720.611328
15720.000000 15477.228516
15586.000000 15635.844727
15339.000000 15465.100586
15320.000000 15289.854492
15226.000000 15434.151367
15144.000000 15267.247070
15221.000000 15153.688477
15596.000000 15151.568359
15755.000000 15473.728516
14863.000000 15375.040039
13815.000000 14133.274414
12806.000000 13284.784180
12285.000000 12414.154297
11980.000000 12176.617188
11899.000000 12088.141602
12155.000000 12290.059570
12922.000000 12830.315430
14240.000000 13863.755859
14989.000000 15336.202148
15205.000000 15500.793945
15265.000000 15415.526367
15545.000000 15279.940430
15748.000000 15560.099609
15847.000000 15653.193359
16011.000000 15756.204102
15892.000000 16000.085938
15845.000000 15809.266602
15918.000000 15913.124023
15854.000000 16045.605469
15881.000000 15885.521484
15831.000000 15893.036133
16279.000000 15623.000000
16210.000000 16154.126953
15111.000000 15622.781250
13861.000000 14276.094727
12632.000000 13214.535156
12164.000000 12159.022461
12061.000000 12034.131836
11908.000000 12190.437500
12299.000000 12267.037109
13039.000000 13058.238281
14280.000000 13950.255859
15145.000000 15343.798828
15399.000000 15710.499023
15467.000000 15581.980469
15608.000000 15498.708008
15581.000000 15590.447266
15636.000000 15460.425781
15551.000000 15597.270508
15404.000000 15480.998047
15519.000000 15412.534180
15500.000000 15722.457031
15395.000000 15640.968750
15255.000000 15510.072266
15177.000000 15234.690430
15578.000000 15022.045898
15999.000000 15428.413086
14940.000000 15652.372070
13685.000000 14063.993164
12028.000000 13111.771484
11747.000000 11555.416992
11604.000000 11743.268555
11723.000000 11756.690430
12046.000000 12232.114258
13019.000000 12803.586914
14381.000000 14118.754883
15225.000000 15473.221680
15475.000000 15759.910156
15663.000000 15624.284180
15809.000000 15694.618164
15786.000000 15718.460938
15622.000000 15623.726562
15493.000000 15446.847656
15414.000000 15395.217773
15307.000000 15412.998047
15287.000000 15392.921875
15273.000000 15488.635742
15168.000000 15437.010742
15060.000000 15171.479492
15459.000000 14890.205078
15675.000000 15290.778320
14843.000000 15210.154297
13482.000000 14069.680664
11295.000000 12845.505859
10799.000000 10839.296875
10651.000000 10839.431641
10624.000000 10885.950195
10695.000000 11191.468750
10886.000000 11531.407227
11033.000000 11866.961914
11555.000000 11928.256836
12269.000000 12427.982422
12850.000000 12926.307617
12992.000000 13286.021484
12999.000000 13211.356445
13161.000000 13205.092773
13024.000000 13405.105469
12889.000000 13165.720703
12914.000000 13106.628906
13020.000000 13207.777344
13250.000000 13365.793945
13389.000000 13641.499023
13443.000000 13660.752930
14023.000000 13579.254883
14252.000000 14192.392578
13477.000000 14024.369141
12760.000000 12953.099609
12034.000000 12403.268555
11513.000000 11719.390625
11240.000000 11378.333008
11066.000000 11294.985352
11002.000000 11319.596680
11210.000000 11458.919922
11691.000000 11853.866211
12309.000000 12411.219727
13054.000000 12967.113281
13554.000000 13607.248047
13689.000000 13844.012695
13672.000000 13793.190430
13567.000000 13715.951172
13396.000000 13577.081055
13316.000000 13410.183594
13439.000000 13403.668945
13381.000000 13643.908203
13333.000000 13562.825195
13118.000000 13593.192383
13168.000000 13283.805664
13387.000000 13394.471680
13685.000000 13499.261719
13065.000000 13698.169922
12116.000000 12707.608398
12824.000000 11862.540039
12171.000000 12981.867188
11871.000000 11895.539062
11679.000000 12022.032227
11800.000000 11882.566406
12529.000000 12231.524414
13843.000000 13203.210938
14664.000000 14734.060547
15061.000000 15158.863281
15211.000000 15350.167969
15443.000000 15262.185547
15515.000000 15443.934570
15588.000000 15345.145508
15653.000000 15434.797852
15522.000000 15496.676758
15403.000000 15338.603516
15202.000000 15312.565430
14811.000000 15114.899414
14637.000000 14690.791992
14413.000000 14615.368164
14740.000000 14271.562500
14902.000000 14758.683594
14127.000000 14676.695312
12932.000000 13617.979492
12730.000000 12518.701172
12294.000000 12660.789062
12055.000000 12196.549805
11894.000000 12224.615234
12164.000000 12215.411133
12906.000000 12765.450195
14342.000000 13710.709961
15133.000000 15427.095703
15389.000000 15636.963867
15524.000000 15665.868164
15659.000000 15616.876953
15811.000000 15646.492188
16071.000000 15736.344727
16200.000000 16024.077148
16231.000000 16101.936523
16010.000000 16161.635742
16138.000000 15872.505859
15994.000000 16225.833008
15759.000000 15839.438477
15647.000000 15583.328125
15851.000000 15398.522461
16089.000000 15606.990234
14986.000000 15728.476562
13783.000000 14141.983398
12672.000000 13240.222656
12142.000000 12268.779297
11888.000000 12049.386719
11925.000000 12020.844727
12008.000000 12354.327148
12866.000000 12604.167969
14173.000000 13853.693359
15060.000000 15203.827148
15115.000000 15668.707031
15432.000000 15237.565430
15635.000000 15671.074219
15624.000000 15617.721680
15573.000000 15554.114258
15551.000000 15500.273438
15610.000000 15523.312500
15484.000000 15671.076172
15351.000000 15519.020508
15399.000000 15459.454102
15443.000000 15548.628906
15063.000000 15450.981445
15527.000000 14752.842773
15856.000000 15472.824219
15043.000000 15443.859375
13722.000000 14284.970703
12549.000000 13086.794922
12124.000000 12148.504883
11882.000000 12034.568359
11926.000000 11999.884766
12179.000000 12364.993164
13009.000000 12857.812500
14511.000000 13997.134766
15288.000000 15686.102539
15328.000000 15743.590820
15487.000000 15433.854492
15528.000000 15553.263672
15453.000000 15400.164062
15329.000000 15299.864258
15497.000000 15181.031250
15422.000000 15526.956055
15353.000000 15397.747070
15332.000000 15481.051758
15236.000000 15506.525391
15204.000000 15344.389648
15122.000000 15238.542969
15498.000000 14947.113281
15690.000000 15357.367188
14770.000000 15268.763672
13626.000000 14017.516602
11753.000000 13079.749023
11493.000000 11287.010742
11417.000000 11545.768555
11331.000000 11615.358398
11626.000000 11809.663086
12582.000000 12429.386719
14353.000000 13684.320312
15193.000000 15697.297852
15258.000000 15623.689453
15423.000000 15385.900391
15631.000000 15476.749023
15574.000000 15572.893555
15662.000000 15402.494141
15606.000000 15603.389648
15556.000000 15509.183594
15382.000000 15582.377930
15369.000000 15431.869141
15261.000000 15579.312500
15132.000000 15354.396484
15062.000000 15129.246094
15553.000000 14884.778320
15633.000000 15397.821289
14533.000000 15080.387695
13355.000000 13700.986328
11402.000000 12785.204102
10890.000000 10940.615234
10821.000000 10913.902344
10661.000000 11070.785156
10715.000000 11181.862305
10776.000000 11548.516602
11146.000000 11689.871094
11585.000000 12131.869141
12349.000000 12375.351562
12794.000000 13067.660156
12861.000000 13170.976562
12917.000000 13101.662109
13012.000000 13148.318359
13005.000000 13236.598633
12879.000000 13207.026367
12775.000000 13085.601562
12777.000000 13039.780273
12859.000000 13107.149414
13047.000000 13209.177734
13260.000000 13374.839844
13968.000000 13463.753906
14011.000000 14198.927734
13260.000000 13737.863281
12446.000000 12825.492188
12202.000000 12099.089844
11695.000000 12020.159180
11404.000000 11521.883789
11337.000000 11470.508789
11510.000000 11600.591797
11808.000000 11989.696289
12318.000000 12402.374023
12937.000000 12983.448242
13372.000000 13520.460938
13732.000000 13731.100586
13788.000000 13963.287109
13623.000000 13811.932617
13468.000000 13585.562500
13301.000000 13447.332031
13223.000000 13299.645508
13058.000000 13309.896484
13047.000000 13178.674805
13023.000000 13308.215820
12956.000000 13284.301758
13122.000000 13195.080078
13623.000000 13370.663086
13635.000000 13837.307617
12970.000000 13518.051758
12105.000000 12698.504883
12945.000000 11897.788086
12321.000000 13185.359375
12402.000000 12072.496094
12186.000000 12697.568359
12330.000000 12344.895508
13244.000000 12789.107422
14640.000000 13953.599609
15592.000000 15485.375000
15461.000000 16041.270508
15356.000000 15338.458008
15395.000000 15312.529297
15218.000000 15217.278320
15116.000000 14925.078125
15148.000000 14892.160156
14925.000000 15007.147461
14701.000000 14759.725586
14581.000000 14666.223633
14426.000000 14629.681641
14157.000000 14457.080078
14136.000000 14112.965820
14259.000000 14126.328125
14529.000000 14173.818359
13895.000000 14439.243164
12887.000000 13480.016602
12923.000000 12605.083984
12619.000000 13003.269531
12420.000000 12618.337891
12397.000000 12664.943359
12710.000000 12788.536133
13702.000000 13300.982422
15274.000000 14561.003906
15867.000000 16289.689453
15813.000000 16095.860352
15540.000000 15839.451172
15587.000000 15359.307617
15412.000000 15476.666992
15335.000000 15120.680664
15237.000000 15162.341797
15201.000000 15087.726562
14976.000000 15185.905273
14898.000000 14947.797852
14798.000000 15009.674805
14656.000000 14826.120117
14676.000000 14601.635742
15261.000000 14572.224609
15667.000000 15246.999023
14684.000000 15435.166992
13522.000000 14013.784180
13267.000000 13124.069336
12881.000000 13174.882812
12688.000000 12819.999023
12546.000000 12894.154297
12861.000000 12901.261719
13668.000000 13508.182617
15267.000000 14485.691406
15813.000000 16364.537109
15915.000000 15968.704102
15939.000000 16002.755859
15843.000000 15789.208984
15623.000000 15600.881836
15403.000000 15329.271484
15537.000000 15161.226562
15307.000000 15503.415039
15103.000000 15187.754883
15002.000000 15177.956055
14925.000000 15147.075195
14941.000000 15057.958984
14950.000000 15012.342773
15522.000000 14854.069336
15740.000000 15518.800781
14842.000000 15381.915039
13736.000000 14176.733398
12681.000000 13262.375000
12045.000000 12360.467773
11768.000000 11987.948242
11694.000000 11959.348633
11920.000000 12143.277344
12906.000000 12638.041016
14404.000000 13978.782227
15163.000000 15544.051758
15319.000000 15603.518555
15491.000000 15443.000000
15766.000000 15492.984375
15678.000000 15692.974609
15808.000000 15435.659180
15996.000000 15737.053711
16017.000000 15956.802734
15949.000000 16007.248047
15887.000000 16007.824219
15932.000000 16001.102539
15898.000000 16062.930664
15874.000000 15848.966797
16138.000000 15678.739258
15962.000000 15870.149414
14869.000000 15337.967773
13909.000000 14033.915039
11755.000000 13328.078125
11416.000000 11165.691406
11340.000000 11429.146484
11410.000000 11520.878906
11577.000000 11938.788086
12483.000000 12341.106445
14049.000000 13623.380859
14815.000000 15303.060547
15050.000000 15309.484375
15275.000000 15307.119141
15431.000000 15382.865234
15491.000000 15425.475586
15521.000000 15441.250977
15637.000000 15482.716797
15600.000000 15677.956055
15526.000000 15633.681641
15391.000000 15650.789062
15415.000000 15521.389648
15199.000000 15596.505859
15140.000000 15101.119141
15654.000000 14992.781250
15871.000000 15484.895508
14649.000000 15360.347656
13464.000000 13725.491211
11419.000000 12884.085938
10744.000000 10910.504883
10554.000000 10727.608398
10517.000000 10765.082031
10495.000000 11058.005859
10730.000000 11288.137695
10923.000000 11735.167969
11274.000000 11833.887695
11895.000000 12111.310547
12444.000000 12592.607422
12804.000000 12924.362305
12882.000000 13152.612305
12874.000000 13125.093750
12988.000000 13117.454102
12939.000000 13272.773438
12947.000000 13169.990234
13160.000000 13252.313477
13433.000000 13542.226562
13402.000000 13801.457031
13438.000000 13579.242188
14068.000000 13580.158203
14119.000000 14236.448242
13335.000000 13826.391602
12543.000000 12856.118164
12161.000000 12177.728516
11610.000000 11926.598633
11220.000000 11429.073242
11087.000000 11257.756836
11137.000000 11338.777344
11447.000000 11582.472656
11963.000000 12063.017578
12418.000000 12636.122070
13161.000000 12973.868164
13585.000000 13724.068359
13956.000000 13831.288086
13998.000000 14173.602539
13997.000000 14018.360352
13894.000000 14048.592773
13785.000000 13898.801758
13618.000000 13834.769531
13592.000000 13685.016602
13787.000000 13771.405273
13622.000000 14057.129883
13338.000000 13707.893555
13827.000000 13398.985352
13784.000000 14053.451172
13115.000000 13577.410156
12234.000000 12802.860352
12581.000000 11958.161133
11968.000000 12640.376953
11690.000000 11766.462891
11530.000000 11848.517578
11745.000000 11779.113281
12520.000000 12237.623047
13804.000000 13239.567383
14564.000000 14706.925781
15005.000000 15053.726562
15284.000000 15344.683594
15549.000000 15400.270508
15671.000000 15571.806641
15809.000000 15552.436523
15783.000000 15699.376953
15498.000000 15600.160156
15064.000000 15277.563477
14966.000000 14867.601562
14777.000000 14970.273438
14613.000000 14716.176758
14518.000000 14590.849609
14897.000000 14440.269531
14944.000000 14901.562500
14083.000000 14636.667969
13088.000000 13527.909180
12344.000000 12687.255859
11882.000000 12108.135742
11639.000000 11838.328125
11496.000000 11807.429688
11801.000000 11873.331055
12647.000000 12479.837891
14179.000000 13578.094727
14869.000000 15373.781250
14980.000000 15340.872070
15059.000000 15242.032227
15222.000000 15157.611328
15324.000000 15236.315430
15423.000000 15243.928711
15552.000000 15350.586914
15557.000000 15518.961914
15531.000000 15526.685547
15558.000000 15567.522461
15395.000000 15643.177734
15226.000000 15354.419922
15169.000000 15137.908203
15663.000000 14985.806641
15565.000000 15557.749023
14618.000000 15033.305664
13457.000000 13937.816406
12393.000000 12913.610352
11929.000000 12042.604492
11692.000000 11870.055664
11660.000000 11850.747070
12050.000000 12092.413086
12701.000000 12780.781250
14106.000000 13556.091797
14678.000000 15238.512695
14968.000000 15043.972656
15039.000000 15285.560547
15182.000000 15059.253906
15156.000000 15215.668945
15044.000000 15060.206055
15144.000000 14969.132812
15104.000000 15191.158203
15029.000000 15134.606445
15054.000000 15151.991211
14864.000000 15249.518555
14805.000000 14912.840820
14742.000000 14855.487305
15367.000000 14595.020508
15499.000000 15359.000000
14423.000000 15050.258789
13222.000000 13694.518555
12624.000000 12725.136719
12167.000000 12373.510742
12046.000000 12072.021484
12026.000000 12240.955078
12321.000000 12434.130859
13157.000000 13001.496094
14692.000000 14074.921875
15488.000000 15816.734375
15499.000000 15880.719727
15497.000000 15540.206055
15434.000000 15462.962891
15301.000000 15263.898438
15193.000000 15107.963867
15186.000000 15038.751953
15225.000000 15134.799805
15044.000000 15283.306641
15035.000000 15103.506836
14900.000000 15260.462891
14827.000000 14980.903320
14734.000000 14864.458984
15359.000000 14574.733398
15413.000000 15345.616211
14337.000000 14941.420898
13182.000000 13651.917969
11397.000000 12728.907227
11093.000000 11038.889648
10792.000000 11210.880859
10903.000000 11028.144531
11091.000000 11522.981445
11804.000000 11884.368164
13326.000000 12867.854492
14158.000000 14572.149414
14630.000000 14692.321289
14964.000000 14991.879883
15198.000000 15077.583984
15148.000000 15219.446289
15236.000000 15039.036133
15303.000000 15225.304688
15186.000000 15281.364258
14892.000000 15170.978516
14696.000000 14904.334961
14674.000000 14833.320312
14659.000000 14860.563477
14712.000000 14733.090820
15296.000000 14652.440430
15442.000000 15231.073242
14414.000000 14942.100586
13306.000000 13604.250977
11493.000000 12733.863281
10938.000000 11013.784180
10439.000000 10902.496094
10176.000000 10565.082031
10218.000000 10650.975586
10504.000000 11011.516602
10775.000000 11507.793945
11062.000000 11742.764648
11835.000000 11912.639648
12402.000000 12641.700195
12668.000000 12867.331055
12632.000000 12985.271484
12628.000000 12831.183594
12508.000000 12858.399414
12328.000000 12694.063477
12250.000000 12542.153320
12308.000000 12539.405273
12377.000000 12680.616211
12614.000000 12768.381836
12843.000000 13039.329102
13638.000000 13125.871094
13608.000000 13978.175781
12895.000000 13349.681641
12181.000000 12541.839844
11791.000000 11879.569336
11156.000000 11595.726562
10813.000000 11002.744141
10574.000000 10893.692383
10526.000000 10825.409180
10767.000000 11001.363281
11059.000000 11429.347656
11433.000000 11743.277344
12340.000000 12087.204102
13205.000000 13035.094727
13540.000000 13646.034180
13732.000000 13700.763672
13677.000000 13850.410156
13737.000000 13672.329102
13713.000000 13802.909180
13880.000000 13735.371094
13943.000000 14030.785156
13959.000000 14069.007812
13799.000000 14133.240234
13759.000000 13893.809570
14376.000000 13878.713867
14268.000000 14609.062500
13494.000000 13978.417969
12467.000000 13091.128906
12033.000000 12077.572266
11486.000000 11848.140625
11096.000000 11327.565430
11057.000000 11151.254883
11038.000000 11341.517578
11429.000000 11470.878906
12485.000000 12109.707031
13107.000000 13394.185547
13531.000000 13679.667969
13964.000000 14017.638672
14256.000000 14303.131836
14371.000000 14431.697266
14349.000000 14436.912109
14421.000000 14354.547852
14438.000000 14469.487305
14445.000000 14466.910156
14430.000000 14523.209961
14417.000000 14529.413086
14209.000000 14529.020508
14048.000000 14201.331055
14303.000000 14019.782227
14341.000000 14300.882812
13556.000000 14098.526367
12678.000000 13077.430664
12623.000000 12339.874023
12123.000000 12529.268555
11748.000000 11969.645508
11704.000000 11850.129883
11824.000000 12014.161133
12607.000000 12292.330078
14100.000000 13381.751953
14780.000000 15121.024414
14996.000000 15189.376953
15226.000000 15270.659180
15569.000000 15362.663086
15650.000000 15639.804688
15747.000000 15533.541016
15895.000000 15674.163086
15721.000000 15834.548828
15453.000000 15561.044922
15580.000000 15353.206055
15336.000000 15678.481445
15086.000000 15194.144531
15010.000000 14993.524414
15542.000000 14858.200195
15375.000000 15510.925781
14278.000000 14866.833008
12969.000000 13623.624023
12526.000000 12471.626953
12079.000000 12345.725586
11922.000000 11988.691406
11765.000000 12125.464844
12023.000000 12138.063477
12888.000000 12699.509766
14436.000000 13813.553711
15377.000000 15589.027344
15506.000000 15926.276367
15505.000000 15653.913086
15625.000000 15551.744141
15484.000000 15605.020508
15434.000000 15304.680664
15445.000000 15338.023438
15380.000000 15382.779297
15308.000000 15364.655273
15140.000000 15381.339844
15041.000000 15209.372070
14969.000000 15131.918945
14896.000000 14942.422852
15633.000000 14722.947266
15706.000000 15631.674805
14761.000000 15178.173828
13400.000000 14052.896484
12878.000000 12813.727539
12506.000000 12647.620117
12518.000000 12404.231445
12551.000000 12743.690430
12966.000000 12962.747070
14055.000000 13695.823242
15899.000000 15078.611328
16482.000000 17161.173828
16343.000000 16594.041016
16025.000000 16297.821289
15854.000000 15742.198242
15619.000000 15597.331055
15430.000000 15294.134766
15502.000000 15194.230469
15388.000000 15455.426758
15123.000000 15372.001953
15169.000000 15202.025391
15040.000000 15447.260742
14844.000000 15111.519531
15058.000000 14809.753906
15819.000000 14999.430664
15694.000000 15757.844727
14701.000000 15118.102539
13426.000000 14052.696289
12929.000000 12918.864258
12934.000000 12768.166992
13092.000000 13006.993164
13219.000000 13416.554688
13734.000000 13725.101562
14748.000000 14526.145508
16643.000000 15687.588867
17482.000000 17871.810547
17142.000000 17570.013672
16751.000000 16781.777344
16394.000000 16367.256836
15985.000000 15932.772461
15802.000000 15529.547852
15595.000000 15503.424805
15271.000000 15393.116211
14977.000000 15206.804688
14837.000000 15087.791016
14772.000000 15070.454102
14689.000000 14953.209961
14692.000000 14696.793945
15646.000000 14550.689453
15687.000000 15707.912109
14745.000000 15150.087891
13722.000000 14141.607422
13085.000000 13314.979492
12745.000000 12920.731445
12694.000000 12799.549805
12753.000000 13023.286133
12837.000000 13298.905273
13259.000000 13513.541992
13770.000000 14079.219727
14212.000000 14429.582031
14548.000000 14636.288086
14568.000000 14726.503906
14005.000000 14493.845703
13645.000000 13735.385742
13463.000000 13523.762695
13140.000000 13394.760742
12833.000000 13121.050781
12647.000000 12961.131836
12587.000000 12932.533203
12623.000000 12991.567383
12626.000000 13061.648438
13030.000000 12972.611328
14359.000000 13399.401367
14589.000000 14868.208008
14103.000000 14369.002930
13340.000000 13844.436523
12247.000000 13053.787109
11783.000000 12011.360352
11440.000000 11805.300781
11433.000000 11560.592773
11551.000000 11819.185547
11889.000000 12107.286133
12575.000000 12608.904297
13282.000000 13353.672852
13989.000000 13846.648438
14594.000000 14347.004883
14964.000000 14706.251953
14902.000000 14889.451172
14691.000000 14664.877930
14414.000000 14479.514648
14115.000000 14227.538086
13875.000000 14003.333008
13801.000000 13886.434570
13745.000000 13983.012695
13720.000000 13999.483398
13964.000000 14000.018555
14729.000000 14253.154297
14879.000000 15014.991211
14359.000000 14624.702148
13787.000000 13906.030273
13066.000000 13372.120117
12673.000000 12679.898438
12394.000000 12503.191406
12357.000000 12375.536133
12686.000000 12597.152344
13314.000000 13214.033203
14750.000000 14057.768555
15802.000000 15883.544922
15750.000000 16403.802734
15780.000000 15701.856445
15712.000000 15779.411133
15502.000000 15427.452148
15558.000000 15173.148438
15524.000000 15338.051758
15470.000000 15301.333984
15215.000000 15373.340820
14940.000000 15141.627930
14733.000000 14982.877930
14454.000000 14826.537109
14502.000000 14474.528320
14732.000000 14576.455078
14580.000000 14689.187500
13916.000000 14287.936523
12905.000000 13504.122070
13705.000000 12534.820312
13398.000000 13922.119141
13237.000000 13210.860352
13270.000000 13455.880859
13604.000000 13591.569336
14574.000000 14137.819336
16182.000000 15378.982422
16934.000000 17212.494141
16765.000000 17203.521484
16443.000000 16642.500000
16188.000000 16212.285156
15811.000000 15876.700195
15627.000000 15413.891602
15485.000000 15348.705078
15227.000000 15268.828125
14998.000000 15084.362305
14907.000000 14985.620117
14957.000000 14994.075195
15084.000000 15059.733398
15368.000000 15106.172852
16043.000000 15322.022461
15723.000000 16028.369141
14791.000000 15163.439453
13764.000000 14266.820312
13822.000000 13351.477539
13529.000000 13831.140625
13378.000000 13482.207031
13419.000000 13637.675781
13707.000000 13859.116211
14621.000000 14323.319336
16213.000000 15475.537109
16884.000000 17205.648438
16707.000000 16984.919922
16410.000000 16469.490234
16202.000000 16064.410156
15975.000000 15832.419922
15816.000000 15599.851562
15615.000000 15543.830078
15409.000000 15431.489258
15071.000000 15374.275391
14894.000000 15099.340820
14776.000000 15078.722656
14801.000000 14916.429688
15123.000000 14893.224609
16197.000000 15150.373047
16063.000000 16367.151367
15355.000000 15467.360352
14406.000000 14843.367188
13989.000000 13902.833984
13659.000000 13792.598633
13463.000000 13570.339844
13446.000000 13613.348633
13827.000000 13825.011719
14712.000000 14490.255859
16536.000000 15590.230469
17263.000000 17780.210938
16989.000000 17341.322266
16682.000000 16704.253906
16492.000000 16290.037109
16250.000000 16050.869141
16143.000000 15788.986328
15969.000000 15818.728516
15766.000000 15724.407227
15332.000000 15684.158203
15209.000000 15292.156250
15059.000000 15437.287109
15086.000000 15192.318359
15415.000000 15229.290039
16409.000000 15469.478516
16409.000000 16556.919922
15565.000000 15854.651367
14547.000000 14923.776367
12071.000000 14001.288086
11690.000000 11477.495117
11538.000000 11754.529297
11611.000000 11711.003906
11734.000000 12163.370117
12577.000000 12517.428711
14121.000000 13763.274414
15140.000000 15417.348633
15378.000000 15740.353516
15325.000000 15468.767578
15712.000000 15210.170898
15630.000000 15694.609375
15575.000000 15349.201172
15656.000000 15446.946289
15603.000000 15609.879883
15543.000000 15602.534180
15676.000000 15679.940430
15755.000000 15981.369141
15857.000000 15981.934570
16193.000000 15980.685547
16708.000000 16170.747070
16512.000000 16460.988281
15624.000000 15748.591797
14724.000000 14729.002930
11707.000000 13980.759766
11315.000000 10903.203125
11255.000000 11239.436523
11168.000000 11339.254883
11399.000000 11623.294922
11608.000000 12257.929688
12078.000000 12552.748047
12627.000000 13074.736328
13019.000000 13373.121094
13054.000000 13468.570312
13082.000000 13240.117188
13099.000000 13247.263672
13177.000000 13237.185547
12965.000000 13371.385742
12800.000000 13115.137695
12954.000000 13075.000977
12983.000000 13394.099609
13332.000000 13389.469727
13512.000000 13894.685547
14450.000000 13823.881836
14365.000000 14969.642578
13592.000000 14048.067383
12689.000000 13207.887695
11868.000000 12280.861328
11640.000000 11557.312500
11324.000000 11513.677734
11169.000000 11290.550781
11234.000000 11386.776367
11683.000000 11681.019531
12068.000000 12367.062500
12673.000000 12702.565430
13441.000000 13338.008789
13886.000000 13963.249023
14228.000000 14108.362305
14004.000000 14364.768555
13936.000000 13875.994141
13715.000000 13945.494141
13552.000000 13638.169922
13476.000000 13582.045898
13579.000000 13586.315430
13674.000000 13831.812500
13845.000000 13946.921875
14260.000000 14139.499023
14251.000000 14532.449219
13750.000000 14152.964844
13122.000000 13455.151367
12374.000000 12796.516602
12789.000000 12061.912109
12331.000000 12812.321289
12347.000000 12141.800781
12257.000000 12569.441406
12586.000000 12497.765625
13732.000000 13126.198242
15100.000000 14582.981445
15771.000000 15928.520508
15775.000000 16081.999023
15658.000000 15759.933594
15763.000000 15535.678711
15601.000000 15632.177734
15538.000000 15300.163086
15494.000000 15350.566406
15316.000000 15339.991211
15124.000000 15204.076172
14910.000000 15104.520508
14802.000000 14919.418945
14769.000000 14845.282227
15234.000000 14744.594727
15015.000000 15294.840820
14657.000000 14598.263672
13797.000000 14306.041992
12703.000000 13296.701172
14000.000000 12355.253906
13898.000000 14418.377930
13896.000000 13777.404297
13954.000000 14251.365234
14405.000000 14304.456055
15355.000000 14993.114258
16952.000000 16056.589844
17369.000000 17866.140625
16973.000000 17285.554688
16473.000000 16708.404297
16210.000000 16092.635742
15855.000000 15878.906250
15629.000000 15455.000977
15574.000000 15370.541992
15315.000000 15463.802734
15010.000000 15221.419922
14926.000000 15014.899414
14898.000000 15025.309570
15046.000000 14917.622070
16082.000000 15033.851562
16024.000000 16311.544922
15645.000000 15515.624023
14574.000000 15281.111328
13519.000000 13995.086914
14021.000000 13198.287109
13831.000000 14228.382812
13708.000000 13842.503906
13692.000000 14057.489258
13970.000000 14138.860352
15059.000000 14579.638672
16556.000000 15932.401367
17159.000000 17350.650391
16865.000000 17171.505859
16664.000000 16495.578125
16481.000000 16337.894531
16096.000000 16068.331055
15986.000000 15658.207031
15908.000000 15755.004883
15568.000000 15770.778320
15421.000000 15473.300781
15225.000000 15561.263672
15342.000000 15326.910156
15587.000000 15555.222656
16505.000000 15633.250000
16562.000000 16694.585938
16271.000000 16039.055664
15481.000000 15783.613281
14613.000000 14819.380859
14214.000000 14129.786133
13954.000000 13991.247070
13940.000000 13911.006836
13894.000000 14190.200195
14146.000000 14283.524414
14969.000000 14782.229492
16417.000000 15796.298828
17151.000000 17343.431641
17228.000000 17278.308594
17146.000000 17025.652344
17045.000000 16778.275391
16842.000000 16630.291016
16575.000000 16408.750000
16561.000000 16207.000977
16457.000000 16415.804688
16245.000000 16377.435547
16247.000000 16274.693359
16430.000000 16454.433594
16842.000000 16639.816406
17356.000000 16995.996094
17105.000000 17293.951172
16734.000000 16460.326172
15659.000000 16113.771484
14678.000000 14776.031250
14889.000000 14074.982422
14903.000000 14743.178711
14968.000000 14819.810547
15163.000000 15205.056641
15637.000000 15607.651367
16780.000000 16281.583984
18210.000000 17690.031250
18700.000000 18973.707031
18331.000000 18586.505859
17796.000000 17827.824219
17342.000000 17207.150391
16892.000000 16763.078125
16466.000000 16352.081055
16238.000000 16048.456055
16016.000000 16057.026367
15651.000000 15995.065430
15559.000000 15713.263672
15746.000000 15812.347656
16340.000000 15981.755859
17202.000000 16557.431641
17200.000000 17263.373047
16744.000000 16635.861328
15906.000000 16142.998047
15019.000000 15235.130859
14473.000000 14521.829102
14165.000000 14226.267578
13998.000000 14158.703125
13999.000000 14253.750000
13953.000000 14511.504883
14234.000000 14518.773438
14514.000000 14923.500977
14859.000000 14947.317383
15434.000000 15124.608398
15559.000000 15568.308594
15404.000000 15347.383789
15155.000000 15158.498047
15056.000000 14925.011719
14926.000000 14965.127930
14635.000000 14899.790039
14473.000000 14672.374023
14538.000000 14685.175781
14826.000000 14885.208008
15375.000000 15239.941406
16495.000000 15782.632812
16670.000000 16978.628906
16462.000000 16327.504883
15885.000000 16074.572266
15280.000000 15260.045898
14608.000000 14752.532227
14432.000000 14132.431641
14282.000000 14258.278320
14209.000000 14241.696289
14237.000000 14408.389648
14735.000000 14601.277344
15187.000000 15344.137695
15780.000000 15590.574219
16323.000000 16120.814453
16780.000000 16378.265625
16791.000000 16676.472656
16738.000000 16416.457031
16411.000000 16428.636719
16086.000000 16018.951172
15685.000000 15829.628906
15604.000000 15483.973633
15582.000000 15676.043945
15683.000000 15737.682617
16059.000000 15964.385742
16779.000000 16400.576172
16730.000000 17101.056641
16453.000000 16379.102539
15848.000000 16044.750977
15119.000000 15203.973633
14793.000000 14539.606445
14380.000000 14429.942383
14233.000000 14100.885742
14309.000000 14257.103516
14644.000000 14574.740234
15702.000000 15161.480469
17210.000000 16615.878906
17931.000000 18184.136719
17904.000000 18118.093750
17866.000000 17681.066406
17838.000000 17544.496094
17470.000000 17399.007812
17271.000000 16895.480469
17115.000000 16879.419922
16876.000000 16802.001953
16488.000000 16676.304688
16447.000000 16364.166992
16472.000000 16601.863281
16930.000000 16577.281250
17437.000000 17163.898438
17298.000000 17385.371094
17049.000000 16751.601562
16435.000000 16468.617188
15389.000000 15676.035156
16132.000000 14665.826172
15884.000000 16197.483398
15940.000000 15549.260742
15906.000000 16167.642578
16354.000000 16108.630859
17231.000000 16958.148438
18918.000000 17924.601562
19488.000000 19967.386719
18915.000000 19309.269531
18235.000000 18309.046875
17713.000000 17555.449219
17143.000000 17034.771484
16817.000000 16468.496094
16600.000000 16361.299805
16355.000000 16323.169922
16136.000000 16257.508789
16174.000000 16207.952148
16367.000000 16422.341797
16911.000000 16578.121094
17710.000000 17127.267578
17697.000000 17785.466797
17248.000000 17158.394531
16385.000000 16656.001953
15448.000000 15687.782227
16352.000000 14910.911133
16103.000000 16621.267578
16051.000000 15876.751953
16213.000000 16364.114258
16600.000000 16606.048828
17528.000000 17145.435547
19063.000000 18221.787109
19430.000000 19818.099609
19185.000000 19013.742188
18786.000000 18632.882812
18595.000000 18021.791016
18169.000000 17956.095703
17919.000000 17447.193359
17654.000000 17458.603516
17298.000000 17308.089844
17022.000000 17107.023438
17058.000000 17016.996094
17294.000000 17247.789062
17783.000000 17464.201172
18657.000000 17895.156250
18798.000000 18713.070312
18449.000000 18183.115234
17652.000000 17728.494141
16698.000000 16793.802734
15578.000000 15976.380859
15326.000000 14973.149414
15160.000000 15224.797852
15258.000000 15245.630859
15441.000000 15732.166016
16455.000000 16043.377930
18184.000000 17501.560547
18784.000000 19260.726562
18984.000000 18634.378906
19074.000000 18733.916016
19268.000000 18516.726562
19141.000000 18797.791016
18964.000000 18538.912109
18883.000000 18524.818359
18706.000000 18604.222656
18650.000000 18525.343750
18684.000000 18705.421875
18853.000000 18837.357422
19209.000000 19027.849609
19748.000000 19252.837891
19587.000000 19552.031250
18909.000000 18667.076172
17999.000000 17784.527344
16953.000000 16830.787109
14541.000000 15913.487305
14488.000000 13442.387695
14756.000000 14329.048828
14829.000000 14887.615234
15267.000000 15297.226562
16362.000000 16169.132812
18009.000000 17577.935547
18636.000000 19224.949219
18444.000000 18663.888672
18472.000000 18097.074219
18322.000000 18137.183594
17950.000000 17808.796875
17727.000000 17460.488281
17597.000000 17409.957031
17399.000000 17432.855469
17174.000000 17371.535156
17273.000000 17304.990234
17693.000000 17654.265625
18190.000000 18098.712891
18826.000000 18328.761719
18616.000000 18694.070312
18161.000000 17692.798828
17010.000000 17226.257812
16179.000000 15829.625000
14572.000000 15383.975586
14337.000000 13740.462891
14276.000000 14211.333984
14336.000000 14407.651367
14526.000000 14879.797852
14879.000000 15302.542969
15291.000000 15711.913086
15702.000000 15908.685547
15912.000000 16019.283203
15667.000000 15879.074219
15231.000000 15358.899414
14842.000000 14915.625000
14460.000000 14611.270508
14157.000000 14328.606445
13836.000000 14190.490234
13548.000000 14012.291992
13738.000000 13893.360352
14048.000000 14366.250000
14782.000000 14624.950195
16019.000000 15415.660156
16213.000000 16563.041016
16114.000000 15889.485352
15535.000000 15793.242188
14992.000000 14938.708008
14608.000000 14554.990234
14513.000000 14275.363281
14500.000000 14406.313477
14661.000000 14579.218750
14819.000000 15003.750000
15312.000000 15249.976562
15987.000000 15911.493164
16405.000000 16442.027344
16539.000000 16465.828125
16449.000000 16293.878906
16251.000000 15996.589844
15807.000000 15748.233398
15426.000000 15272.835938
15094.000000 15053.545898
14585.000000 14862.307617
14290.000000 14456.876953
14311.000000 14431.899414
14501.000000 14668.093750
15071.000000 14933.852539
16100.000000 15588.436523
16219.000000 16603.755859
16038.000000 15968.829102
15616.000000 15759.896484
14984.000000 15155.577148
14179.000000 14547.322266
13990.000000 13803.895508
13827.000000 13942.083008
13802.000000 13892.914062
14036.000000 14130.186523
14999.000000 14587.616211
16654.000000 15910.003906
17183.000000 17714.736328
17249.000000 17152.787109
17183.000000 17095.601562
17361.000000 16725.859375
16989.000000 16986.916016
16797.000000 16346.957031
16546.000000 16420.982422
16184.000000 16200.166016
15872.000000 15976.767578
15781.000000 15847.301758
15756.000000 15966.333008
16231.000000 15959.694336
16978.000000 16587.517578
16970.000000 17153.867188
16709.000000 16506.605469
16134.000000 16165.641602
15346.000000 15416.244141
15036.000000 14700.823242
14734.000000 14685.354492
14540.000000 14516.776367
14455.000000 14594.964844
14679.000000 14741.407227
15665.000000 15245.523438
17271.000000 16621.093750
17911.000000 18363.023438
17665.000000 18009.701172
17182.000000 17345.453125
16889.000000 16664.375000
16568.000000 16397.289062
16419.000000 16046.806641
16327.000000 16069.431641
15965.000000 16116.274414
15756.000000 15811.440430
15793.000000 15863.678711
16003.000000 16061.319336
16668.000000 16306.004883
17384.000000 17043.515625
17275.000000 17465.783203
16977.000000 16745.285156
15971.000000 16430.201172
14942.000000 15133.632812
15203.000000 14337.705078
14953.000000 15089.907227
14866.000000 14749.970703
14804.000000 15054.983398
15095.000000 15123.733398
16069.000000 15696.553711
17754.000000 16923.669922
18123.000000 18759.900391
17964.000000 17868.312500
17685.000000 17662.992188
17536.000000 17119.765625
17255.000000 17045.654297
16860.000000 16715.673828
16662.000000 16414.617188
16316.000000 16444.613281
15918.000000 16170.446289
15889.000000 15932.987305
15857.000000 16154.324219
16710.000000 16017.909180
17622.000000 17207.382812
17693.000000 17704.767578
17403.000000 17187.833984
16540.000000 16782.048828
15557.000000 15709.990234
12997.000000 14896.515625
12668.000000 12212.821289
12756.000000 12658.511719
12768.000000 12956.443359
13083.000000 13305.248047
14072.000000 13990.167969
15881.000000 15297.335938
16880.000000 17250.136719
17122.000000 17174.597656
17191.000000 17001.900391
17291.000000 16864.544922
17129.000000 16954.310547
16920.000000 16717.759766
16874.000000 16613.019531
16614.000000 16732.052734
16285.000000 16505.552734
16394.000000 16349.977539
16584.000000 16796.859375
17302.000000 16922.925781
18129.000000 17751.833984
18077.000000 18123.535156
17661.000000 17275.376953
16783.000000 16703.632812
15825.000000 15646.391602
12197.000000 14885.131836
11874.000000 11184.572266
11795.000000 11709.936523
11855.000000 11849.065430
12141.000000 12435.974609
12966.000000 13167.545898
14801.000000 14354.374023
15572.000000 16475.609375
15715.000000 15926.104492
15757.000000 15822.812500
15828.000000 15585.562500
16018.000000 15652.045898
16069.000000 15904.966797
15959.000000 15968.859375
15670.000000 15912.662109
15399.000000 15677.009766
15393.000000 15568.046875
15446.000000 15784.750977
16045.000000 15822.504883
16605.000000 16548.035156
16276.000000 16626.738281
15736.000000 15615.575195
14886.000000 14977.596680
13882.000000 13991.017578
12074.000000 13130.669922
11716.000000 11455.997070
11496.000000 11612.588867
11420.000000 11628.704102
11370.000000 11949.856445
11574.000000 12160.618164
12004.000000 12574.208984
12391.000000 12968.130859
12995.000000 13101.741211
13464.000000 13571.357422
13559.000000 13758.230469
13625.000000 13676.884766
13509.000000 13758.000977
13372.000000 13589.103516
13175.000000 13510.034180
13198.000000 13338.535156
13255.000000 13515.382812
13566.000000 13609.951172
14105.000000 14044.933594
14772.000000 14554.877930
14639.000000 15081.404297
14280.000000 14370.014648
13474.000000 13953.436523
12733.000000 12943.401367
13215.000000 12336.233398
12907.000000 13137.147461
12773.000000 12660.218750
12760.000000 12873.353516
12854.000000 13003.545898
13284.000000 13257.923828
13929.000000 13838.057617
14331.000000 14473.529297
14963.000000 14625.727539
15217.000000 15279.127930
15242.000000 15172.733398
15015.000000 15139.064453
14699.000000 14795.187500
14624.000000 14507.625000
14331.000000 14562.396484
14065.000000 14232.593750
13924.000000 14107.867188
13930.000000 14067.403320
14346.000000 14150.097656
14825.000000 14680.624023
14558.000000 15017.973633
14202.000000 14325.593750
13503.000000 13993.237305
12714.000000 13139.892578
13395.000000 12454.765625
12925.000000 13585.542969
12646.000000 12758.170898
12593.000000 12876.046875
12925.000000 12931.252930
13964.000000 13486.658203
15541.000000 14791.533203
16243.000000 16500.964844
16173.000000 16470.949219
16283.000000 16093.564453
16370.000000 16212.863281
16314.000000 16129.338867
16193.000000 16017.773438
16004.000000 15905.284180
15761.000000 15755.067383
15392.000000 15584.711914
15414.000000 15257.422852
15237.000000 15526.889648
15609.000000 15177.967773
15981.000000 15787.511719
15809.000000 15879.346680
15496.000000 15387.862305
14769.000000 15031.409180
13834.000000 14175.949219
14440.000000 13355.504883
13931.000000 14541.013672
13851.000000 13678.414062
13860.000000 14129.071289
14191.000000 14189.530273
15102.000000 14780.663086
16723.000000 15901.651367
17326.000000 17753.861328
17052.000000 17399.576172
16790.000000 16819.093750
16842.000000 16494.675781
16612.000000 16576.205078
16363.000000 16184.466797
16166.000000 16044.192383
15929.000000 15942.336914
15777.000000 15804.781250
15839.000000 15802.248047
15896.000000 15995.415039
16437.000000 15974.470703
16957.000000 16641.406250
16611.000000 16857.771484
16156.000000 16004.152344
15059.000000 15610.855469
14177.000000 14308.166992
15743.000000 13723.261719
15503.000000 16212.532227
15401.000000 15199.708984
15456.000000 15721.767578
15733.000000 15758.755859
16621.000000 16196.286133
18237.000000 17268.765625
18804.000000 19078.746094
18505.000000 18633.785156
18062.000000 18052.849609
17641.000000 17493.226562
17356.000000 17053.890625
17146.000000 16851.236328
16937.000000 16746.472656
16727.000000 16671.507812
16543.000000 16607.941406
16794.000000 16540.125000
17112.000000 17026.539062
17486.000000 17201.603516
17752.000000 17461.292969
17639.000000 17462.417969
17236.000000 17076.156250
16289.000000 16587.220703
15184.000000 15533.973633
15997.000000 14598.861328
15670.000000 16241.780273
15634.000000 15449.298828
15676.000000 15989.588867
16031.000000 16026.440430
17078.000000 16597.253906
18736.000000 17836.587891
19293.000000 19557.492188
18906.000000 19026.187500
18525.000000 18310.476562
18121.000000 17919.697266
17611.000000 17467.630859
17169.000000 16995.601562
16754.000000 16709.056641
16383.000000 16455.919922
16040.000000 16290.789062
16063.000000 16105.915039
16239.000000 16362.175781
17329.000000 16460.097656
18257.000000 17838.767578
18301.000000 18194.515625
18084.000000 17694.505859
17275.000000 17434.841797
16422.000000 16417.833984
14273.000000 15785.499023
14151.000000 13454.842773
14036.000000 14185.686523
14286.000000 14156.891602
14638.000000 14940.402344
15789.000000 15454.664062
17440.000000 17039.291016
18171.000000 18496.023438
18217.000000 18141.917969
18376.000000 17795.298828
18433.000000 17895.523438
18351.000000 17859.160156
18193.000000 17841.267578
18316.000000 17783.488281
18077.000000 18200.404297
17876.000000 17907.042969
18103.000000 17973.800781
18460.000000 18487.619141
18895.000000 18774.279297
19219.000000 19006.240234
18954.000000 18874.333984
18350.000000 18016.527344
17454.000000 17234.759766
16580.000000 16278.833984
15216.000000 15612.936523
15098.000000 14344.085938
15131.000000 14908.769531
15244.000000 15219.684570
15427.000000 15722.373047
15857.000000 16104.316406
16379.000000 16654.798828
16644.000000 16973.427734
16745.000000 16820.181641
16503.000000 16665.525391
15804.000000 16150.175781
15236.000000 15328.968750
14909.000000 14920.745117
14524.000000 14743.351562
14155.000000 14469.109375
14112.000000 14291.071289
14442.000000 14530.422852
15014.000000 15068.846680
16016.000000 15667.982422
16631.000000 16683.261719
16455.000000 16720.457031
16148.000000 16066.021484
15510.000000 15713.657227
14892.000000 14931.286133
16297.000000 14452.460938
15959.000000 16700.832031
15844.000000 15557.336914
15949.000000 16085.887695
16143.000000 16194.674805
16674.000000 16486.083984
17384.000000 17074.244141
17919.000000 17641.798828
18170.000000 17842.509766
17890.000000 17802.281250
17483.000000 17200.003906
16831.000000 16818.863281
16283.000000 16119.932617
15806.000000 15769.066406
15244.000000 15446.897461
14850.000000 15037.589844
14914.000000 14899.348633
15107.000000 15255.697266
16064.000000 15466.711914
16801.000000 16721.060547
16947.000000 16975.492188
16792.000000 16747.925781
16375.000000 16417.382812
15774.000000 15901.368164
14989.000000 15330.061523
14733.000000 14611.090820
14700.000000 14685.479492
14731.000000 14848.848633
15084.000000 15091.434570
16074.000000 15713.694336
17752.000000 16984.414062
18465.000000 18795.464844
18663.000000 18406.207031
18690.000000 18382.748047
18609.000000 18096.625000
18515.000000 17956.523438
18255.000000 17897.972656
18210.000000 17668.804688
17815.000000 17890.226562
17516.000000 17452.123047
17514.000000 17440.746094
17699.000000 17655.587891
18390.000000 17903.441406
18732.000000 18715.828125
18702.000000 18458.398438
18550.000000 18108.003906
17852.000000 17755.841797
16926.000000 16819.429688
14175.000000 16016.348633
13847.000000 13061.972656
13668.000000 13670.613281
13596.000000 13631.830078
13774.000000 14010.486328
14667.000000 14549.301758
16269.000000 15879.426758
17063.000000 17614.363281
16961.000000 17397.480469
16928.000000 16783.914062
16854.000000 16695.667969
16705.000000 16491.083984
16537.000000 16381.000000
16355.000000 16292.978516
16235.000000 16226.404297
16104.000000 16284.748047
16245.000000 16295.666016
16570.000000 16687.656250
17357.000000 17026.597656
17833.000000 17863.923828
17624.000000 17710.005859
17431.000000 16970.902344
16583.000000 16706.484375
15645.000000 15545.187500
14708.000000 14817.510742
14332.000000 14043.406250
14148.000000 14054.825195
14163.000000 14161.937500
14511.000000 14543.257812
15473.000000 15226.065430
17232.000000 16507.798828
17856.000000 18480.234375
17636.000000 17843.775391
17302.000000 17312.216797
17293.000000 16793.933594
17000.000000 16889.802734
16643.000000 16474.203125
16415.000000 16261.466797
16341.000000 16213.666992
16108.000000 16373.831055
16045.000000 16218.035156
16198.000000 16372.210938
17008.000000 16543.566406
17465.000000 17491.562500
17317.000000 17306.929688
16913.000000 16756.250000
15955.000000 16185.577148
14925.000000 15074.212891
15688.000000 14238.099609
15243.000000 15706.868164
15053.000000 14889.718750
15068.000000 15256.649414
15393.000000 15432.343750
16197.000000 16023.932617
17973.000000 16990.300781
18696.000000 19128.714844
18443.000000 18623.978516
18203.000000 18003.425781
17952.000000 17684.125000
17417.000000 17346.667969
17084.000000 16750.619141
16708.000000 16635.761719
16318.000000 16349.341797
15915.000000 16157.379883
15902.000000 15915.763672
16187.000000 16198.383789
17202.000000 16534.683594
17790.000000 17752.261719
17624.000000 17656.201172
17275.000000 17047.085938
16360.000000 16604.636719
15324.000000 15503.232422
16593.000000 14657.810547
16417.000000 16883.455078
16504.000000 16102.535156
16436.000000 16855.748047
16813.000000 16669.101562
17806.000000 17436.896484
19480.000000 18564.791016
20135.000000 20402.105469
19922.000000 19883.378906
19603.000000 19306.935547
19419.000000 18837.324219
19091.000000 18673.642578
18592.000000 18306.064453
18236.000000 17883.597656
17836.000000 17766.773438
17432.000000 17504.556641
17631.000000 17286.726562
17879.000000 17893.699219
18711.000000 18012.789062
19168.000000 19063.406250
18907.000000 18855.626953
18431.000000 18166.015625
17391.000000 17598.466797
16361.000000 16386.347656
14611.000000 15604.016602
14519.000000 13851.786133
14506.000000 14526.344727
14639.000000 14698.575195
14821.000000 15248.799805
15204.000000 15572.410156
15831.000000 16021.247070
16377.000000 16495.166016
16812.000000 16650.669922
16893.000000 16814.583984
16598.000000 16606.212891
16269.000000 16207.011719
16115.000000 15959.832031
15843.000000 15951.836914
15430.000000 15730.895508
15299.000000 15422.007812
15504.000000 15560.244141
16133.000000 15958.974609
17371.000000 16740.919922
18324.000000 18076.431641
18410.000000 18418.507812
18149.000000 17849.085938
17519.000000 17411.156250
16971.000000 16602.035156
15273.000000 16223.826172
14894.000000 14307.017578
14612.000000 14623.509766
14649.000000 14469.946289
14705.000000 14979.477539
15005.000000 15214.358398
15547.000000 15706.427734
16066.000000 16143.837891
16441.000000 16318.458008
16681.000000 16351.728516
16421.000000 16381.112305
16013.000000 15899.825195
15573.000000 15589.465820
15112.000000 15246.623047
14731.000000 14925.522461
14684.000000 14738.375000
14786.000000 14996.859375
15160.000000 15274.886719
15963.000000 15820.798828
16439.000000 16680.927734
16518.000000 16626.048828
16289.000000 16336.388672
15820.000000 15810.777344
15225.000000 15227.544922
15585.000000 14658.341797
15294.000000 15444.776367
15221.000000 14970.605469
15389.000000 15296.197266
15711.000000 15663.858398
16718.000000 16167.218750
18571.000000 17536.550781
19299.000000 19663.591797
19030.000000 19162.435547
18541.000000 18488.546875
18226.000000 17793.818359
17779.000000 17510.121094
17320.000000 17006.984375
16994.000000 16687.931641
16505.000000 16570.500000
16157.000000 16198.541992
16052.000000 16135.925781
16222.000000 16237.752930
17110.000000 16519.847656
17676.000000 17616.783203
17778.000000 17607.794922
17484.000000 17388.390625
16906.000000 16830.466797
16025.000000 16208.117188
15169.000000 15354.407227
14739.000000 14702.235352
14629.000000 14582.556641
14676.000000 14778.589844
14996.000000 15108.877930
15981.000000 15707.675781
17693.000000 17017.857422
18426.000000 18863.417969
18168.000000 18438.771484
17814.000000 17697.486328
17516.000000 17229.738281
17134.000000 16894.066406
16792.000000 16532.302734
16695.000000 16334.764648
16373.000000 16494.269531
16170.000000 16247.018555
16257.000000 16333.522461
16577.000000 16631.753906
17634.000000 16991.146484
18291.000000 18230.125000
18216.000000 18148.164062
17961.000000 17591.492188
17216.000000 17209.720703
16277.000000 16275.445312
15994.000000 15479.300781
15676.000000 15576.491211
15519.000000 15399.095703
15486.000000 15591.880859
15782.000000 15821.117188
16650.000000 16420.652344
18208.000000 17529.410156
18975.000000 19206.714844
18735.000000 18939.654297
18427.000000 18139.285156
18240.000000 17773.414062
17806.000000 17571.078125
17535.000000 17102.529297
17464.000000 17069.621094
17188.000000 17226.603516
16867.000000 17045.664062
16960.000000 16922.765625
17395.000000 17326.185547
18085.000000 17831.162109
18426.000000 18427.494141
18205.000000 18214.666016
17697.000000 17552.958984
16916.000000 16875.810547
15930.000000 16035.040039
16355.000000 15149.810547
16025.000000 16246.700195
15906.000000 15709.879883
15874.000000 16083.724609
16140.000000 16187.487305
17106.000000 16721.640625
18754.000000 17973.486328
19542.000000 19740.634766
19275.000000 19503.865234
19107.000000 18686.658203
18802.000000 18565.902344
18349.000000 18072.642578
17925.000000 17667.425781
17503.000000 17368.757812
17072.000000 17097.935547
16654.000000 16851.755859
16598.000000 16619.757812
16987.000000 16852.482422
18199.000000 17386.818359
18998.000000 18835.294922
18940.000000 18887.708984
18594.000000 18268.757812
17798.000000 17780.537109
16697.000000 16820.794922
16824.000000 15825.539062
16691.000000 16568.296875
16637.000000 16437.056641
16727.000000 16769.564453
16953.000000 17110.289062
17768.000000 17513.013672
19031.000000 18600.929688
19636.000000 19772.314453
19870.000000 19518.800781
19823.000000 19466.291016
19683.000000 19077.816406
19361.000000 18926.785156
19078.000000 18578.267578
18688.000000 18476.703125
18353.000000 18180.615234
17993.000000 18082.625000
18025.000000 17870.257812
18540.000000 18250.841797
19478.000000 18961.884766
19886.000000 19919.656250
19677.000000 19591.179688
19100.000000 18930.240234
18151.000000 18087.267578
17167.000000 17040.841797
17860.000000 16226.881836
17613.000000 17745.958984
17586.000000 17170.992188
17619.000000 17729.707031
17897.000000 17864.494141
18227.000000 18413.382812
18679.000000 18638.658203
19197.000000 19000.082031
19464.000000 19259.542969
19183.000000 19149.263672
18531.000000 18497.742188
18080.000000 17741.826172
17709.000000 17464.298828
17156.000000 17194.492188
16636.000000 16725.617188
16404.000000 16420.925781
16504.000000 16471.914062
17149.000000 16810.248047
18284.000000 17719.839844
18822.000000 18924.501953
18669.000000 18757.466797
18355.000000 18188.242188
17792.000000 17748.126953
17277.000000 17059.929688
15482.000000 16686.857422
15123.000000 14593.366211
15124.000000 15015.084961
15170.000000 15192.670898
15269.000000 15552.459961
15669.000000 15826.163086
16490.000000 16370.492188
17481.000000 17158.544922
18404.000000 17862.212891
19107.000000 18446.675781
19247.000000 18873.125000
19184.000000 18711.388672
18832.000000 18704.267578
18435.000000 18291.546875
18044.000000 18024.494141
17987.000000 17743.375000
18178.000000 18009.337891
18492.000000 18428.371094
19466.000000 18839.865234
19862.000000 20081.697266
19654.000000 19576.480469
19374.000000 18921.470703
18918.000000 18396.251953
18334.000000 17778.751953
13589.000000 17263.160156
13188.000000 11955.438477
13082.000000 12846.928711
13205.000000 12885.654297
13527.000000 13621.438477
14521.000000 14441.019531
16312.000000 15985.796875
17375.000000 17991.662109
17555.000000 17921.421875
17728.000000 17485.349609
17742.000000 17519.736328
17672.000000 17356.345703
17516.000000 17351.033203
17393.000000 17240.837891
17208.000000 17250.666016
16967.000000 17168.253906
16957.000000 17084.685547
17251.000000 17349.082031
18034.000000 17783.000000
18189.000000 18607.541016
18100.000000 17868.498047
17728.000000 17483.986328
17096.000000 16679.705078
16134.000000 15975.659180
14633.000000 15058.968750
14205.000000 13711.896484
14095.000000 13839.379883
14142.000000 14063.041992
14353.000000 14539.645508
15428.000000 15095.117188
17111.000000 16733.873047
18043.000000 18473.839844
17789.000000 18431.474609
17276.000000 17412.685547
16980.000000 16789.931641
16587.000000 16489.427734
16196.000000 16068.030273
16138.000000 15797.903320
15933.000000 16008.838867
15835.000000 15905.235352
15806.000000 16093.101562
15975.000000 16181.131836
16658.000000 16418.193359
16818.000000 17125.707031
16598.000000 16586.865234
16196.000000 16108.435547
15415.000000 15514.802734
14334.000000 14660.203125
15629.000000 13684.556641
15454.000000 15902.618164
15412.000000 15181.011719
15439.000000 15721.945312
15814.000000 15787.866211
16836.000000 16437.111328
18585.000000 17668.703125
19302.000000 19602.199219
18744.000000 19194.363281
18246.000000 18071.550781
17778.000000 17644.998047
17234.000000 17065.349609
16769.000000 16559.980469
16412.000000 16240.822266
16162.000000 16085.013672
15967.000000 16070.196289
15993.000000 16056.534180
16385.000000 16252.174805
17285.000000 16713.085938
17547.000000 17626.433594
17435.000000 17198.099609
17152.000000 16936.638672
16351.000000 16528.103516
15375.000000 15628.763672
17421.000000 14808.646484
17076.000000 18256.007812
16961.000000 16589.775391
16934.000000 17375.802734
17251.000000 17147.462891
18165.000000 17743.263672
19855.000000 18758.738281
20517.000000 20667.318359
19974.000000 20166.861328
19423.000000 19110.304688
18858.000000 18592.132812
18190.000000 17946.042969
17705.000000 17334.791016
17338.000000 17071.693359
16764.000000 16922.908203
16260.000000 16466.824219
16299.000000 16210.940430
16549.000000 16577.513672
17761.000000 16803.703125
18188.000000 18391.326172
18189.000000 17882.187500
18060.000000 17790.150391
17368.000000 17487.113281
16279.000000 16634.271484
16483.000000 15612.271484
16317.000000 16459.953125
16266.000000 16184.825195
16430.000000 16512.759766
16754.000000 16889.644531
17788.000000 17345.208984
19352.000000 18686.066406
20224.000000 20169.919922
20090.000000 20130.578125
19899.000000 19353.658203
19830.000000 19151.656250
19710.000000 19055.269531
19612.000000 18985.269531
19472.000000 19044.396484
19215.000000 19048.833984
18912.000000 18921.554688
18923.000000 18761.791016
19291.000000 19026.896484
20284.000000 19480.736328
20491.000000 20614.578125
20321.000000 19859.257812
20023.000000 19525.414062
19019.000000 18993.367188
17970.000000 17741.187500
15352.000000 16940.927734
15023.000000 14108.457031
14961.000000 14788.936523
14918.000000 14958.533203
15032.000000 15354.111328
15313.000000 15777.128906
15900.000000 16146.839844
16400.000000 16669.062500
16893.000000 16731.261719
17147.000000 16989.353516
17082.000000 16946.945312
16919.000000 16776.023438
16834.000000 16667.855469
16574.000000 16710.148438
16403.000000 16471.353516
16477.000000 16492.714844
16666.000000 16783.667969
17300.000000 17085.513672
18267.000000 17943.150391
18688.000000 18825.042969
18564.000000 18543.671875
18305.000000 17985.181641
17599.000000 17517.197266
16991.000000 16575.105469
15224.000000 16151.415039
14885.000000 14180.497070
14762.000000 14578.650391
14818.000000 14636.052734
15050.000000 15108.962891
15430.000000 15613.991211
15979.000000 16101.498047
16677.000000 16565.929688
17286.000000 17047.246094
17770.000000 17319.869141
17991.000000 17607.449219
18017.000000 17666.376953
17829.000000 17688.068359
17508.000000 17496.027344
17203.000000 17236.578125
16987.000000 17052.855469
17103.000000 16990.017578
17286.000000 17370.134766
18089.000000 17562.501953
18135.000000 18642.292969
17910.000000 17824.906250
17425.000000 17475.878906
16834.000000 16618.777344
16062.000000 16000.908203
17217.000000 15227.707031
16943.000000 17278.468750
16833.000000 16364.288086
16763.000000 16864.962891
17056.000000 16816.431641
17981.000000 17454.632812
19653.000000 18673.271484
20476.000000 20671.210938
20297.000000 20514.058594
19705.000000 19821.031250
19209.000000 18959.976562
18742.000000 18474.298828
18332.000000 17990.431641
17912.000000 17699.957031
17432.000000 17407.355469
17082.000000 17078.947266
17165.000000 16958.630859
17526.000000 17334.171875
18222.000000 17762.162109
18148.000000 18488.052734
17878.000000 17692.839844
17654.000000 17387.710938
16929.000000 17059.062500
16024.000000 16180.923828
16888.000000 15419.778320
16654.000000 17134.818359
16574.000000 16405.488281
16627.000000 16851.408203
17072.000000 16947.570312
18131.000000 17665.041016
19797.000000 18912.521484
20665.000000 20692.857422
20359.000000 20590.830078
19989.000000 19640.222656
19628.000000 19295.501953
19265.000000 18827.531250
18841.000000 18533.175781
18528.000000 18183.966797
17993.000000 18094.720703
17729.000000 17609.246094
17844.000000 17684.023438
18530.000000 18003.792969
19820.000000 18911.355469
20051.000000 20260.789062
20055.000000 19390.568359
19798.000000 19417.386719
18903.000000 18822.316406
17851.000000 17797.734375
16689.000000 16922.183594
16391.000000 15922.722656
16194.000000 16178.764648
16091.000000 16226.759766
16480.000000 16476.470703
17390.000000 17272.578125
18987.000000 18354.976562
19754.000000 20037.986328
19478.000000 19625.859375
19190.000000 18765.378906
18891.000000 18463.363281
18512.000000 18117.199219
18177.000000 17837.037109
18071.000000 17683.746094
17854.000000 17871.007812
17720.000000 17794.652344
17971.000000 17936.589844
18474.000000 18480.871094
19467.000000 18978.947266
19712.000000 19974.570312
19683.000000 19210.312500
19332.000000 19002.468750
18461.000000 18279.730469
17548.000000 17309.361328
16740.000000 16589.316406
16432.000000 16012.986328
16281.000000 16129.218750
16386.000000 16295.563477
16740.000000 16813.658203
17697.000000 17429.666016
19304.000000 18685.291016
20223.000000 20321.445312
20006.000000 20203.339844
19639.000000 19253.630859
19211.000000 18855.701172
18698.000000 18349.074219
18321.000000 17928.138672
18086.000000 17761.515625
17721.000000 17768.767578
17564.000000 17562.201172
17677.000000 17756.609375
18301.000000 18091.609375
19419.000000 18926.085938
19699.000000 19968.894531
19586.000000 19212.083984
19175.000000 18862.464844
18368.000000 18128.439453
17299.000000 17270.853516
16446.000000 16312.101562
16295.000000 15766.481445
16187.000000 16089.735352
16168.000000 16257.551758
16524.000000 16593.738281
17535.000000 17297.462891
19239.000000 18592.478516
19980.000000 20345.548828
19912.000000 19816.095703
19519.000000 19327.753906
19330.000000 18652.988281
18885.000000 18612.335938
18512.000000 18096.478516
18074.000000 17968.503906
17719.000000 17657.376953
17404.000000 17583.214844
17431.000000 17483.013672
18074.000000 17832.632812
19300.000000 18726.619141
19583.000000 19942.269531
19534.000000 19082.556641
19149.000000 18858.183594
18318.000000 18073.255859
17304.000000 17189.535156
15199.000000 16317.012695
14829.000000 14175.855469
14826.000000 14601.051758
14776.000000 14913.677734
14956.000000 15249.895508
15167.000000 15803.522461
15645.000000 15994.927734
16269.000000 16400.265625
16934.000000 16658.640625
17388.000000 17007.839844
17378.000000 17158.330078
17421.000000 16952.707031
17502.000000 17155.861328
17517.000000 17325.701172
17419.000000 17442.957031
17363.000000 17424.486328
17528.000000 17523.089844
17946.000000 17872.156250
18467.000000 18380.960938
18306.000000 18761.072266
18295.000000 17918.001953
18086.000000 17895.320312
17717.000000 17264.880859
17016.000000 16844.929688
14036.000000 16071.802734
13693.000000 12792.056641
13412.000000 13445.209961
13280.000000 13227.068359
13254.000000 13546.587891
13661.000000 13815.230469
14342.000000 14557.392578
15143.000000 15233.981445
15834.000000 15853.618164
16382.000000 16205.666016
16645.000000 16520.017578
16782.000000 16575.328125
16668.000000 16702.173828
16635.000000 16516.843750
16434.000000 16610.599609
16411.000000 16371.652344
16562.000000 16553.652344
17044.000000 16827.435547
17655.000000 17501.660156
17546.000000 18015.441406
17441.000000 17258.105469
17068.000000 17081.207031
16450.000000 16289.012695
15734.000000 15582.535156
14538.000000 14892.340820
14090.000000 13735.771484
13874.000000 13733.854492
13765.000000 13755.922852
13900.000000 13960.456055
14740.000000 14402.802734
16375.000000 15660.417969
17259.000000 17597.494141
17198.000000 17643.917969
17132.000000 17083.744141
17134.000000 16964.119141
16848.000000 16854.673828
16651.000000 16453.257812
16442.000000 16389.000000
16215.000000 16236.994141
15872.000000 16140.315430
15689.000000 15874.551758
15886.000000 15880.605469
16709.000000 16227.549805
16763.000000 17195.433594
16623.000000 16481.699219
16450.000000 16265.855469
15797.000000 15869.601562
14878.000000 15050.254883
15234.000000 14216.800781
14916.000000 15118.682617
14702.000000 14633.950195
14659.000000 14807.178711
14943.000000 14956.969727
15840.000000 15509.771484
17459.000000 16688.007812
18411.000000 18537.148438
17991.000000 18665.611328
17681.000000 17467.841797
17408.000000 17313.585938
16911.000000 16847.707031
16796.000000 16319.719727
16564.000000 16451.302734
16566.000000 16248.644531
16438.000000 16563.062500
16619.000000 16466.912109
17112.000000 16919.957031
17749.000000 17436.058594
17812.000000 17933.705078
17581.000000 17416.324219
17164.000000 17010.789062
16240.000000 16438.378906
15184.000000 15409.859375
15799.000000 14519.544922
15492.000000 15847.932617
15384.000000 15246.404297
15397.000000 15636.005859
15809.000000 15749.821289
16760.000000 16433.998047
18522.000000 17512.771484
19509.000000 19515.078125
19186.000000 19516.886719
18680.000000 18526.892578
18274.000000 18042.183594
17679.000000 17612.865234
17174.000000 16996.482422
16844.000000 16667.136719
16502.000000 16552.337891
16204.000000 16392.898438
16294.000000 16302.979492
16858.000000 16654.015625
18011.000000 17312.712891
18126.000000 18487.523438
18029.000000 17561.128906
17794.000000 17479.962891
16827.000000 17013.566406
15828.000000 15900.996094
14569.000000 15149.645508
14159.000000 14001.945312
14130.000000 14091.847656
14145.000000 14400.854492
14544.000000 14711.184570
15521.000000 15453.264648
17401.000000 16610.285156
18545.000000 18668.824219
18542.000000 18678.880859
18470.000000 18030.318359
18478.000000 17950.171875
18403.000000 17929.437500
18267.000000 17901.189453
18321.000000 17865.826172
18098.000000 18164.962891
18028.000000 17948.253906
18164.000000 18192.042969
18577.000000 18469.160156
19252.000000 18941.425781
19163.000000 19429.197266
18976.000000 18454.544922
18441.000000 18147.732422
17501.000000 17238.863281
16430.000000 16296.177734
13386.000000 15400.073242
13116.000000 12299.722656
13207.000000 12958.214844
13362.000000 13358.603516
13723.000000 14010.321289
14854.000000 14739.608398
16666.000000 16290.643555
17745.000000 18094.029297
17590.000000 18121.960938
17398.000000 17223.535156
17141.000000 17087.046875
16833.000000 16711.339844
16628.000000 16478.626953
16466.000000 16390.591797
16284.000000 16365.781250
16151.000000 16356.227539
16418.000000 16441.369141
16938.000000 17016.906250
17711.000000 17502.757812
17763.000000 18080.425781
17674.000000 17240.398438
17252.000000 16981.125000
16256.000000 16218.483398
15350.000000 15175.164062
13312.000000 14528.811523
12929.000000 12507.032227
12730.000000 12810.906250
12595.000000 12878.388672
12490.000000 13160.077148
12612.000000 13303.208008
13124.000000 13568.197266
13773.000000 14034.938477
14394.000000 14382.732422
14634.000000 14707.154297
14643.000000 14631.044922
14426.000000 14580.961914
14297.000000 14334.094727
14039.000000 14326.488281
13823.000000 14085.620117
13655.000000 14007.609375
13905.000000 13954.734375
14528.000000 14468.643555
15320.000000 15205.694336
15462.000000 15906.850586
15380.000000 15440.802734
15085.000000 15170.414062
14438.000000 14593.247070
13853.000000 13831.886719
14689.000000 13351.096680
14325.000000 14678.166992
14179.000000 13948.627930
14082.000000 14271.265625
14205.000000 14243.485352
14572.000000 14590.242188
15150.000000 15031.250000
15945.000000 15608.972656
16311.000000 16333.971680
16369.000000 16276.293945
16068.000000 16169.748047
15466.000000 15665.998047
14858.000000 15015.513672
14413.000000 14489.794922
14019.000000 14185.875977
13710.000000 13926.494141
13765.000000 13800.417969
14335.000000 14111.532227
15470.000000 14905.831055
15282.000000 16190.563477
15260.000000 15054.974609
15016.000000 15295.262695
14454.000000 14663.317383
13895.000000 14083.716797
16750.000000 13595.263672
16503.000000 17937.054688
16431.000000 15849.554688
16569.000000 16823.019531
16933.000000 16676.675781
17933.000000 17248.457031
19659.000000 18429.710938
20630.000000 20414.087891
20214.000000 20537.968750
19556.000000 19379.162109
19022.000000 18725.287109
18107.000000 18128.664062
17515.000000 17074.726562
17050.000000 16768.734375
16624.000000 16448.558594
16267.000000 16243.380859
16271.000000 16087.041016
16901.000000 16353.829102
17750.000000 17233.236328
17788.000000 17982.955078
17642.000000 17387.253906
17300.000000 17233.462891
16605.000000 16726.695312
15614.000000 16012.325195
16563.000000 15090.240234
16259.000000 16966.572266
16131.000000 16059.922852
16181.000000 16490.628906
16413.000000 16566.607422
17269.000000 16923.027344
18993.000000 17966.648438
20005.000000 19907.513672
19662.000000 19968.857422
19312.000000 18885.220703
18929.000000 18654.679688
18526.000000 18125.751953
18190.000000 17815.738281
17833.000000 17613.568359
17332.000000 17409.189453
16974.000000 17035.958984
17054.000000 16936.017578
17818.000000 17295.437500
19020.000000 18327.816406
19289.000000 19472.533203
19352.000000 18790.453125
19082.000000 18801.564453
18336.000000 18169.253906
17450.000000 17361.826172
15440.000000 16609.917969
15065.000000 14473.812500
14961.000000 14905.395508
14969.000000 15021.735352
15439.000000 15441.046875
16449.000000 16333.731445
18064.000000 17559.277344
19117.000000 19178.806641
19062.000000 19254.021484
18939.000000 18434.181641
19034.000000 18327.197266
18813.000000 18451.244141
18771.000000 18175.318359
18716.000000 18412.728516
18500.000000 18472.759766
18387.000000 18385.699219
18627.000000 18527.707031
19180.000000 19049.189453
19935.000000 19662.453125
19979.000000 20213.292969
19741.000000 19359.849609
19134.000000 18855.222656
18344.000000 17872.388672
17328.000000 17122.759766
15189.000000 16197.811523
14840.000000 14065.633789
14831.000000 14546.055664
14989.000000 14866.089844
15355.000000 15517.091797
16317.000000 16217.969727
18053.000000 17515.931641
19002.000000 19371.281250
18810.000000 19166.468750
18477.000000 18307.005859
18139.000000 17923.630859
17831.000000 17535.185547
17500.000000 17330.185547
17259.000000 17099.712891
17040.000000 17065.488281
16950.000000 17045.197266
17155.000000 17224.556641
17782.000000 17676.193359
18585.000000 18415.535156
18641.000000 18932.251953
18326.000000 18121.669922
17915.000000 17525.880859
17129.000000 16937.273438
16234.000000 16083.425781
14650.000000 15374.429688
14390.000000 13850.826172
14260.000000 14264.901367
14244.000000 14385.366211
14521.000000 14775.062500
15443.000000 15365.860352
17200.000000 16581.832031
18164.000000 18478.658203
18073.000000 18330.570312
18097.000000 17654.412109
18050.000000 17717.181641
17852.000000 17531.931641
17558.000000 17383.460938
17422.000000 17163.808594
17060.000000 17245.671875
16770.000000 16922.056641
16749.000000 16888.607422
17298.000000 17084.857422
18327.000000 17875.419922
18348.000000 18834.371094
18224.000000 17794.132812
17838.000000 17603.753906
16876.000000 16829.015625
15986.000000 15775.331055
14274.000000 15125.387695
14069.000000 13434.658203
13918.000000 13927.480469
13901.000000 13995.699219
13997.000000 14414.709961
14205.000000 14759.708984
14654.000000 15042.484375
15287.000000 15415.573242
15831.000000 15801.132812
16039.000000 15998.549805
15811.000000 15910.607422
15695.000000 15512.807617
15620.000000 15526.515625
15526.000000 15503.666016
15548.000000 15512.041992
15647.000000 15703.530273
16004.000000 15938.061523
16695.000000 16489.529297
17273.000000 17278.812500
17240.000000 17555.730469
17070.000000 16980.730469
16539.000000 16639.091797
15968.000000 15789.133789
15172.000000 15258.509766
13843.000000 14453.423828
13476.000000 13193.905273
13286.000000 13311.410156
13023.000000 13320.835938
13038.000000 13293.756836
13348.000000 13588.604492
13715.000000 14017.335938
14475.000000 14279.348633
15161.000000 15045.674805
15664.000000 15432.311523
15937.000000 15781.121094
15777.000000 15918.978516
15520.000000 15620.471680
15236.000000 15420.633789
14936.000000 15165.324219
14623.000000 14932.388672
14602.000000 14700.189453
15332.000000 14886.319336
16303.000000 15957.250977
16225.000000 16860.626953
16218.000000 16004.402344
15896.000000 16068.662109
15474.000000 15299.982422
14844.000000 14885.691406
14785.000000 14210.489258
14381.000000 14465.348633
14194.000000 14046.670898
14196.000000 14194.366211
14461.000000 14410.516602
15285.000000 14925.855469
16921.000000 16036.313477
17895.000000 17984.384766
17627.000000 18161.601562
17240.000000 17216.541016
16997.000000 16835.960938
16650.000000 16515.593750
16309.000000 16135.684570
16064.000000 15888.720703
15801.000000 15799.877930
15530.000000 15679.673828
15581.000000 15568.179688
16097.000000 15865.424805
16553.000000 16543.777344
16497.000000 16747.021484
16405.000000 16259.114258
16094.000000 16062.870117
15497.000000 15533.736328
14579.000000 14906.751953
16767.000000 14030.502930
16273.000000 17588.410156
16301.000000 15653.030273
16182.000000 16745.546875
16520.000000 16245.917969
17384.000000 17008.914062
19086.000000 17924.740234
19748.000000 20000.550781
19411.000000 19550.009766
19034.000000 18851.707031
18417.000000 18403.464844
17790.000000 17592.878906
17215.000000 17045.667969
16679.000000 16567.363281
16189.000000 16197.114258
15891.000000 15904.224609
15989.000000 15854.857422
16622.000000 16209.086914
17586.000000 17040.464844
17721.000000 17961.349609
17641.000000 17367.669922
17324.000000 17250.246094
16355.000000 16713.585938
15447.000000 15614.475586
14843.000000 14940.882812
14541.000000 14561.036133
14511.000000 14538.625977
14587.000000 14823.090820
15101.000000 15125.392578
16336.000000 15940.517578
18197.000000 17411.843750
19247.000000 19275.437500
19334.000000 19280.152344
19393.000000 18830.021484
19542.000000 18862.224609
19422.000000 18985.041016
19354.000000 18800.119141
19180.000000 18909.693359
18973.000000 18791.605469
18728.000000 18759.011719
18930.000000 18637.953125
19517.000000 19184.263672
20241.000000 19809.750000
20220.000000 20286.853516
19886.000000 19409.003906
19413.000000 18839.531250
18417.000000 18159.851562
17474.000000 17058.716797
14704.000000 16405.082031
14261.000000 13459.048828
13977.000000 14007.341797
14031.000000 13965.421875
14276.000000 14617.917969
15155.000000 15190.975586
16773.000000 16451.390625
17842.000000 18138.257812
17861.000000 18263.103516
17755.000000 17563.080078
17777.000000 17417.505859
17625.000000 17427.667969
17509.000000 17265.167969
17314.000000 17293.492188
17112.000000 17171.031250
17008.000000 17136.962891
17337.000000 17242.121094
17922.000000 17907.623047
18303.000000 18500.792969
18240.000000 18452.693359
17916.000000 17817.761719
17372.000000 17120.353516
16577.000000 16342.387695
15557.000000 15516.306641
15433.000000 14621.675781
15204.000000 14990.284180
15201.000000 14930.277344
15330.000000 15368.230469
15654.000000 15779.250000
16320.000000 16340.608398
17459.000000 17126.734375
18535.000000 18290.810547
18816.000000 18935.039062
18767.000000 18533.314453
18704.000000 18343.808594
18382.000000 18215.296875
17952.000000 17804.810547
17567.000000 17448.371094
17097.000000 17196.486328
16668.000000 16829.318359
16701.000000 16594.126953
17356.000000 16957.728516
18321.000000 17871.185547
18439.000000 18745.701172
18110.000000 18014.638672
17662.000000 17442.685547
16658.000000 16807.386719
15475.000000 15653.367188
15603.000000 14655.677734
15268.000000 15363.645508
15067.000000 15014.759766
15075.000000 15240.345703
15196.000000 15526.329102
15476.000000 15817.495117
15929.000000 16134.516602
16593.000000 16476.593750
16871.000000 16974.912109
16813.000000 16779.875000
16488.000000 16529.900391
16150.000000 16077.234375
15855.000000 15805.582031
15365.000000 15597.537109
15060.000000 15149.398438
14942.000000 15082.007812
15196.000000 15144.591797
16375.000000 15650.627930
17222.000000 17261.630859
17350.000000 17569.677734
17211.000000 17203.656250
16925.000000 16810.330078
16426.000000 16339.675781
15901.000000 15767.657227
13989.000000 15335.155273
13770.000000 13198.086914
13723.000000 13741.995117
13751.000000 13799.133789
14098.000000 14163.679688
14664.000000 14791.715820
15262.000000 15409.556641
16182.000000 15803.803711
16868.000000 16619.578125
17604.000000 16847.898438
17999.000000 17563.701172
17930.000000 17706.537109
17888.000000 17551.572266
17616.000000 17639.767578
17481.000000 17310.992188
17322.000000 17381.533203
17525.000000 17276.125000
17990.000000 17786.591797
18440.000000 18326.619141
18351.000000 18603.046875
18077.000000 17952.544922
17723.000000 17450.685547
16962.000000 16860.802734
16207.000000 15928.287109
14860.000000 15331.200195
14384.000000 13999.809570
14233.000000 14061.835938
14086.000000 14197.166016
14370.000000 14345.924805
15232.000000 15041.622070
16778.000000 16215.536133
17830.000000 17992.785156
17823.000000 18315.708984
17498.000000 17617.712891
17181.000000 17161.037109
16834.000000 16768.408203
16614.000000 16424.207031
16302.000000 16323.715820
16116.000000 16071.837891
16046.000000 16114.455078
16251.000000 16233.066406
16812.000000 16667.820312
16998.000000 17330.914062
16819.000000 17033.320312
16452.000000 16518.417969
16055.000000 15877.791016
15431.000000 15392.244141
14584.000000 14721.129883
15100.000000 13979.404297
14809.000000 15107.800781
14792.000000 14616.571289
14714.000000 15088.120117
15140.000000 15038.753906
16314.000000 15824.744141
18131.000000 17240.458984
19031.000000 19198.486328
18703.000000 19096.255859
18257.000000 18167.824219
17640.000000 17720.580078
17046.000000 16938.062500
16564.000000 16433.937500
16160.000000 16066.610352
15860.000000 15842.366211
15575.000000 15779.339844
15536.000000 15670.576172
16404.000000 15833.118164
17361.000000 17048.556641
17564.000000 17636.242188
17508.000000 17187.070312
17192.000000 16964.585938
16438.000000 16458.816406
15515.000000 15668.554688
14351.000000 14894.878906
13951.000000 13866.232422
13748.000000 13920.482422
13656.000000 13976.379883
13814.000000 14198.033203
14634.000000 14602.847656
16156.000000 15679.458984
16983.000000 17226.156250
16806.000000 17137.197266
16762.000000 16403.740234
16840.000000 16418.371094
16729.000000 16443.623047
16657.000000 16338.432617
16643.000000 16419.728516
16589.000000 16558.208984
16573.000000 16643.203125
16723.000000 16796.433594
17557.000000 17088.917969
17993.000000 18215.533203
18088.000000 18007.875000
17843.000000 17788.568359
17496.000000 17113.246094
16605.000000 16664.716797
15733.000000 15585.218750
14682.000000 14938.695312
14446.000000 14012.576172
14289.000000 14272.788086
14401.000000 14347.135742
14715.000000 14861.019531
15647.000000 15381.281250
17385.000000 16612.416016
18396.000000 18521.685547
18244.000000 18575.238281
17913.000000 17789.863281
17629.000000 17430.742188
17288.000000 17107.361328
17076.000000 16799.601562
16752.000000 16744.386719
16532.000000 16498.308594
16414.000000 16527.390625
16700.000000 16603.986328
17480.000000 17182.144531
17978.000000 18081.095703
17934.000000 18046.123047
17634.000000 17486.273438
17194.000000 16901.529297
16225.000000 16329.912109
15208.000000 15263.250977
13823.000000 14474.220703
13537.000000 13222.659180
13435.000000 13500.617188
13429.000000 13674.926758
13776.000000 14017.963867
14728.000000 14669.287109
16481.000000 15833.558594
17383.000000 17707.185547
17269.000000 17542.664062
17014.000000 16944.134766
17055.000000 16621.320312
16963.000000 16749.292969
16840.000000 16615.248047
16716.000000 16611.261719
16587.000000 16606.912109
16490.000000 16633.949219
16572.000000 16693.679688
17527.000000 16921.310547
18078.000000 18245.128906
18014.000000 18058.087891
17701.000000 17523.849609
17328.000000 16895.343750
16517.000000 16414.687500
15441.000000 15503.247070
15068.000000 14582.603516
14706.000000 14631.958008
14619.000000 14471.953125
14564.000000 14802.891602
14548.000000 14974.433594
14813.000000 15119.708008
15305.000000 15479.799805
15876.000000 15856.133789
16443.000000 16199.015625
16523.000000 16544.371094
15991.000000 16272.835938
15650.000000 15564.581055
15349.000000 15407.567383
15080.000000 15145.331055
14647.000000 15013.313477
14541.000000 14644.365234
14760.000000 14831.776367
15635.000000 15226.413086
16376.000000 16394.306641
16324.000000 16775.970703
16308.000000 16147.514648
15937.000000 16084.772461
15226.000000 15363.125000
14419.000000 14622.801758
16349.000000 13894.776367
15883.000000 16943.501953
15701.000000 15306.125000
15476.000000 15953.223633
15757.000000 15528.159180
16091.000000 16192.860352
16596.000000 16355.056641
17260.000000 16888.951172
17777.000000 17418.570312
18151.000000 17690.447266
18218.000000 17911.841797
17989.000000 17778.017578
17547.000000 17464.039062
17140.000000 17002.839844
16717.000000 16710.560547
16461.000000 16369.079102
16621.000000 16312.903320
17519.000000 16745.474609
17949.000000 18035.722656
17747.000000 17994.236328
17551.000000 17459.562500
17265.000000 17177.269531
16535.000000 16701.482422
15778.000000 15813.337891
15796.000000 15190.077148
15369.000000 15589.870117
15162.000000 15085.545898
15199.000000 15243.512695
15437.000000 15480.089844
16395.000000 15894.103516
18073.000000 17203.218750
19018.000000 19079.328125
19128.000000 19188.578125
19247.000000 18852.658203
19250.000000 18925.521484
19035.000000 18745.130859
18891.000000 18477.050781
18781.000000 18449.216797
18755.000000 18433.056641
18600.000000 18581.412109
18794.000000 18456.210938
19372.000000 18936.748047
19607.000000 19587.457031
19420.000000 19356.685547
19154.000000 18796.025391
18710.000000 18336.968750
18034.000000 17711.689453
17093.000000 17018.771484
14738.000000 16153.383789
14293.000000 13682.288086
14075.000000 14117.611328
14053.000000 14092.048828
14194.000000 14510.213867
15181.000000 14901.260742
16743.000000 16354.761719
17802.000000 17910.941406
17873.000000 18255.023438
17790.000000 17648.345703
17894.000000 17532.353516
17936.000000 17639.431641
17896.000000 17675.693359
17881.000000 17694.777344
17713.000000 17801.386719
17699.000000 17671.626953
17954.000000 17888.388672
18714.000000 18310.439453
19010.000000 19262.097656
18968.000000 18888.199219
18812.000000 18504.943359
18299.000000 17993.162109
17432.000000 17191.054688
16499.000000 16273.443359
14436.000000 15506.465820
13957.000000 13421.951172
13811.000000 13687.115234
13709.000000 13834.245117
14044.000000 14123.842773
14826.000000 14895.160156
16369.000000 15885.335938
17314.000000 17634.488281
17502.000000 17675.703125
17352.000000 17400.957031
17342.000000 17009.111328
17118.000000 17065.921875
16864.000000 16754.070312
16675.000000 16616.511719
16412.000000 16550.123047
16135.000000 16394.050781
16388.000000 16277.663086
17320.000000 16904.242188
17696.000000 18086.234375
17706.000000 17755.310547
17581.000000 17432.908203
17195.000000 16930.287109
16366.000000 16304.712891
15408.000000 15375.644531
13650.000000 14580.844727
13392.000000 12885.207031
13112.000000 13272.550781
13147.000000 13178.161133
13459.000000 13696.426758
14469.000000 14307.351562
16042.000000 15687.241211
17057.000000 17252.576172
17221.000000 17472.529297
17190.000000 17054.037109
17316.000000 16895.609375
17181.000000 17029.458984
17203.000000 16798.113281
17135.000000 17013.873047
17005.000000 16974.392578
16919.000000 16984.083984
17057.000000 17057.496094
17808.000000 17387.787109
18161.000000 18392.638672
18088.000000 18120.822266
17810.000000 17657.226562
17347.000000 17025.472656
16338.000000 16375.234375
15272.000000 15235.292969
13599.000000 14391.228516
13136.000000 12833.185547
13000.000000 12951.507812
12904.000000 13137.916992
12980.000000 13400.135742
13426.000000 13770.072266
14147.000000 14398.834961
14723.000000 15033.903320
15086.000000 15236.285156
15549.000000 15304.619141
16063.000000 15684.950195
16171.000000 16140.573242
16082.000000 16096.866211
15909.000000 16040.337891
15729.000000 15886.000000
15558.000000 15771.953125
15560.000000 15670.212891
16355.000000 15808.432617
16651.000000 16975.601562
16594.000000 16711.841797
16357.000000 16450.207031
16108.000000 15894.232422
15176.000000 15514.214844
14333.000000 14308.486328
14287.000000 13685.662109
13932.000000 13945.581055
13713.000000 13642.220703
13656.000000 13751.611328
13635.000000 13931.844727
13850.000000 14062.556641
14199.000000 14423.321289
14662.000000 14732.828125
14952.000000 15111.042969
15119.000000 15155.226562
14925.000000 15197.218750
14636.000000 14804.077148
14475.000000 14534.738281
14161.000000 14439.944336
13841.000000 14116.861328
13748.000000 13902.606445
14018.000000 13968.088867
15141.000000 14416.692383
15748.000000 15905.251953
15813.000000 16000.255859
15638.000000 15809.919922
15381.000000 15399.974609
14743.000000 15028.706055
14565.000000 14239.200195
