15142.000000 15232.400391
15480.000000 15228.133789
15732.000000 15471.668945
15098.000000 15624.212891
14078.000000 14839.032227
11787.000000 13779.134766
11289.000000 11728.649414
11162.000000 11220.782227
11121.000000 11323.675781
11222.000000 11627.462891
11289.000000 12031.970703
11335.000000 12303.539062
11891.000000 12404.377930
12608.000000 12886.792969
13003.000000 13523.926758
13253.000000 13817.578125
13201.000000 13945.661133
13232.000000 13794.269531
13301.000000 13728.607422
13303.000000 13736.194336
13397.000000 13715.595703
13554.000000 13795.042969
13677.000000 13953.475586
13562.000000 14065.096680
13445.000000 13889.103516
13452.000000 13657.616211
13819.000000 13554.821289
13357.000000 13857.000000
12606.000000 13389.910156
12505.000000 12665.557617
11879.000000 12583.208984
11583.000000 12140.401367
11457.000000 11959.166992
11444.000000 11973.323242
11635.000000 12099.059570
11769.000000 12385.583008
12340.000000 12581.128906
13065.000000 13120.955078
13494.000000 13810.774414
13763.000000 14162.366211
13683.000000 14307.271484
13703.000000 14109.148438
13621.000000 14026.298828
13525.000000 13897.073242
13587.000000 13785.515625
13674.000000 13855.309570
13745.000000 13984.976562
13573.000000 14089.213867
13479.000000 13910.628906
13534.000000 13756.597656
13972.000000 13751.041016
13363.000000 14157.930664
12534.000000 13539.208984
13307.000000 12709.964844
12764.000000 13429.800781
12456.000000 13092.661133
12485.000000 12862.149414
12591.000000 12958.488281
13406.000000 13158.837891
14619.000000 14043.541992
15425.000000 15397.225586
15592.000000 16227.717773
15657.000000 16208.826172
15856.000000 16058.292969
15678.000000 16096.725586
15743.000000 15804.188477
15703.000000 15819.801758
15715.000000 15793.829102
15489.000000 15848.674805
15277.000000 15659.239258
15069.000000 15455.837891
14643.000000 15240.718750
14625.000000 14782.253906
14870.000000 14749.550781
15079.000000 15031.271484
14491.000000 15287.220703
13390.000000 14690.055664
13394.000000 13616.313477
13044.000000 13636.300781
12895.000000 13443.387695
12859.000000 13420.428711
13121.000000 13508.199219
14043.000000 13861.742188
15392.000000 14874.779297
16172.000000 16351.680664
16214.000000 17053.052734
16130.000000 16803.281250
16167.000000 16466.535156
16019.000000 16340.976562
15968.000000 16104.671875
16034.000000 16036.341797
15879.000000 16151.907227
15744.000000 16063.388672
15749.000000 15970.411133
15563.000000 16000.268555
15426.000000 15780.409180
15316.000000 15575.372070
15640.000000 15402.126953
16138.000000 15732.819336
15259.000000 16295.356445
14107.000000 15349.274414
13322.000000 14223.504883
12925.000000 13510.927734
12663.000000 13231.418945
12732.000000 13150.893555
12862.000000 13397.603516
13693.000000 13689.981445
14942.000000 14614.788086
15838.000000 15954.752930
15955.000000 16751.781250
15960.000000 16553.691406
16086.000000 16311.853516
15967.000000 16296.701172
15984.000000 16109.484375
15970.000000 16122.859375
15823.000000 16158.945312
15583.000000 16076.332031
15542.000000 15879.099609
15365.000000 15860.534180
15358.000000 15657.859375
15250.000000 15582.537109
15582.000000 15374.683594
15972.000000 15660.975586
15367.000000 16048.912109
14260.000000 15371.364258
13249.000000 14285.105469
12901.000000 13374.869141
12582.000000 13131.837891
12639.000000 13022.351562
12817.000000 13274.682617
13464.000000 13647.549805
14963.000000 14414.081055
15680.000000 16044.785156
16098.000000 16643.646484
16056.000000 16776.404297
16107.000000 16432.328125
16106.000000 16307.164062
16092.000000 16222.369141
16120.000000 16198.756836
15959.000000 16272.419922
15684.000000 16178.602539
15675.000000 15949.620117
15560.000000 15976.106445
15481.000000 15858.264648
15523.000000 15713.524414
15814.000000 15668.358398
16039.000000 15901.833008
15198.000000 16084.220703
14177.000000 15145.696289
12586.000000 14157.109375
12417.000000 12738.104492
12207.000000 12603.149414
12383.000000 12652.164062
12722.000000 13069.679688
13646.000000 13636.312500
14976.000000 14703.510742
15887.000000 16122.831055
15934.000000 16886.001953
15911.000000 16560.644531
16046.000000 16268.582031
15943.000000 16250.876953
15956.000000 16076.873047
15907.000000 16084.279297
15653.000000 16084.408203
15480.000000 15890.886719
15381.000000 15762.779297
15268.000000 15691.392578
15227.000000 15552.957031
15292.000000 15433.192383
15889.000000 15402.222656
16064.000000 15977.508789
15142.000000 16097.201172
14034.000000 15080.284180
12137.000000 14023.809570
11521.000000 12353.956055
11384.000000 11774.863281
11242.000000 11820.247070
11151.000000 11987.643555
11316.000000 12142.780273
11393.000000 12414.809570
11738.000000 12487.220703
12530.000000 12698.826172
13010.000000 13335.384766
13331.000000 13692.627930
13420.000000 13899.978516
13397.000000 13913.619141
13407.000000 13841.061523
13280.000000 13814.477539
13275.000000 13685.538086
13380.000000 13672.861328
13578.000000 13794.160156
13526.000000 14009.882812
13739.000000 13933.819336
14160.000000 14042.184570
14580.000000 14356.711914
13929.000000 14674.660156
13196.000000 13901.252930
12916.000000 13127.333008
12445.000000 12869.781250
12172.000000 12551.683594
12244.000000 12435.682617
12196.000000 12670.116211
12574.000000 12820.779297
12826.000000 13302.401367
13428.000000 13625.693359
14097.000000 14197.674805
14375.000000 14799.290039
14468.000000 14942.109375
14268.000000 14881.789062
14123.000000 14562.682617
13980.000000 14344.443359
13934.000000 14186.281250
13859.000000 14167.195312
13899.000000 14156.107422
13960.000000 14255.402344
13866.000000 14359.546875
13769.000000 14256.005859
13940.000000 14095.146484
14259.000000 14198.325195
13689.000000 14483.278320
12910.000000 13880.111328
13507.000000 13098.164062
13011.000000 13670.245117
12678.000000 13359.194336
12594.000000 13110.042969
12826.000000 13098.705078
13533.000000 13406.733398
14891.000000 14201.313477
15539.000000 15698.845703
15839.000000 16330.204102
16019.000000 16432.519531
16220.000000 16394.482422
16166.000000 16433.113281
16150.000000 16268.180664
16013.000000 16207.545898
15864.000000 16075.522461
15611.000000 15961.707031
15470.000000 15753.765625
15174.000000 15654.252930
14970.000000 15372.359375
14738.000000 15153.156250
14961.000000 14893.341797
15409.000000 15122.879883
14809.000000 15623.807617
13929.000000 14982.215820
13323.000000 14105.823242
12788.000000 13553.958984
12577.000000 13133.107422
12601.000000 13048.984375
12730.000000 13229.072266
13545.000000 13508.300781
14826.000000 14426.943359
15527.000000 15838.152344
15760.000000 16462.587891
15781.000000 16432.097656
16030.000000 16191.144531
15981.000000 16276.464844
16109.000000 16127.992188
16122.000000 16228.506836
15974.000000 16267.208008
15714.000000 16154.181641
15799.000000 15915.572266
15724.000000 16031.246094
15743.000000 15961.519531
15941.000000 15941.050781
16283.000000 16093.701172
16254.000000 16400.837891
15276.000000 16292.416992
14257.000000 15209.859375
13143.000000 14219.525391
12680.000000 13231.347656
12432.000000 12892.413086
12475.000000 12861.080078
12785.000000 13133.254883
13550.000000 13644.797852
14894.000000 14542.529297
15683.000000 15981.830078
15864.000000 16635.367188
15998.000000 16505.669922
16106.000000 16404.044922
16073.000000 16367.534180
16019.000000 16265.187500
16064.000000 16197.467773
15938.000000 16276.896484
15658.000000 16210.119141
15713.000000 15961.924805
15654.000000 16035.881836
15705.000000 15955.065430
15661.000000 15924.111328
16194.000000 15752.424805
16106.000000 16242.857422
15211.000000 16055.139648
14097.000000 15082.600586
13684.000000 14029.923828
13287.000000 13725.168945
13115.000000 13535.341797
13094.000000 13579.714844
13427.000000 13771.604492
14316.000000 14268.273438
15641.000000 15290.539062
16189.000000 16721.185547
16124.000000 17071.310547
16214.000000 16661.755859
16199.000000 16523.548828
16166.000000 16365.620117
16049.000000 16280.048828
15930.000000 16172.864258
15883.000000 16103.731445
15662.000000 16132.559570
15697.000000 15970.528320
15523.000000 16036.854492
15431.000000 15830.923828
15302.000000 15655.428711
15644.000000 15427.762695
16130.000000 15742.115234
15154.000000 16259.328125
13924.000000 15190.651367
12793.000000 13994.818359
12531.000000 12971.813477
12455.000000 12790.909180
12351.000000 12931.029297
12795.000000 13068.477539
13687.000000 13667.933594
15173.000000 14693.706055
15977.000000 16284.076172
16313.000000 16918.023438
16638.000000 16932.167969
16755.000000 17015.201172
16721.000000 16964.335938
16654.000000 16843.384766
16590.000000 16751.783203
16322.000000 16713.275391
16001.000000 16493.443359
15964.000000 16212.276367
15912.000000 16218.750000
15762.000000 16174.366211
15880.000000 15940.006836
16275.000000 15961.682617
16366.000000 16301.283203
15503.000000 16314.548828
14498.000000 15356.177734
12044.000000 14413.792969
11581.000000 12265.217773
11333.000000 11775.155273
11257.000000 11774.951172
11308.000000 12017.575195
11374.000000 12346.186523
11790.000000 12558.825195
12232.000000 12946.180664
13200.000000 13265.629883
13659.000000 14065.581055
13753.000000 14360.202148
13816.000000 14303.224609
13923.000000 14262.103516
13876.000000 14308.380859
13590.000000 14246.645508
13422.000000 13967.711914
13370.000000 13789.667969
13506.000000 13753.796875
13652.000000 13911.331055
13919.000000 14052.567383
14532.000000 14242.702148
14718.000000 14752.204102
14060.000000 14790.713867
13367.000000 13983.394531
12922.000000 13262.399414
12253.000000 12879.471680
11858.000000 12390.560547
11773.000000 12159.017578
11923.000000 12251.721680
12048.000000 12596.246094
12449.000000 12889.148438
13026.000000 13338.771484
13754.000000 13886.088867
14258.000000 14515.871094
14247.000000 14865.898438
14245.000000 14674.100586
14187.000000 14536.450195
14039.000000 14409.855469
13961.000000 14249.134766
13834.000000 14190.718750
13902.000000 14120.982422
13816.000000 14245.674805
13721.000000 14217.488281
13599.000000 14114.460938
13896.000000 13936.360352
14157.000000 14162.272461
13610.000000 14375.499023
12768.000000 13765.695312
13346.000000 12910.926758
12970.000000 13452.643555
12707.000000 13265.279297
12622.000000 13111.644531
12742.000000 13123.536133
13509.000000 13333.726562
14762.000000 14182.102539
15513.000000 15582.922852
15682.000000 16348.055664
15914.000000 16312.061523
16103.000000 16326.866211
16037.000000 16339.988281
16084.000000 16146.940430
15990.000000 16139.247070
15788.000000 16044.461914
15537.000000 15866.432617
15485.000000 15649.974609
15168.000000 15645.090820
15063.000000 15349.952148
15015.000000 15242.509766
15401.000000 15189.416992
15467.000000 15602.808594
14653.000000 15663.620117
13659.000000 14785.931641
13455.000000 13805.356445
12865.000000 13645.511719
12590.000000 13224.927734
12585.000000 13082.593750
12858.000000 13222.234375
13527.000000 13630.510742
14883.000000 14404.553711
15677.000000 15872.806641
15966.000000 16602.226562
16130.000000 16634.855469
16264.000000 16555.376953
16416.000000 16517.546875
16452.000000 16579.429688
16461.000000 16584.474609
16379.000000 16604.517578
16177.000000 16553.998047
16264.000000 16373.997070
16222.000000 16490.433594
16154.000000 16440.986328
16045.000000 16306.204102
16352.000000 16100.474609
16310.000000 16378.537109
15256.000000 16284.554688
14202.000000 15148.869141
13156.000000 14148.003906
12699.000000 13243.071289
12341.000000 12935.722656
12268.000000 12812.911133
12454.000000 12958.973633
13404.000000 13330.168945
14797.000000 14414.302734
15600.000000 15939.908203
15798.000000 16616.414062
15855.000000 16501.818359
16217.000000 16305.825195
16329.000000 16534.085938
16438.000000 16576.218750
16677.000000 16666.433594
16659.000000 16935.435547
16532.000000 16953.666016
16453.000000 16826.195312
16349.000000 16718.714844
16153.000000 16546.189453
16081.000000 16231.599609
16563.000000 16048.117188
16645.000000 16521.285156
15673.000000 16554.710938
14342.000000 15475.528320
12937.000000 14193.764648
12448.000000 12957.630859
12197.000000 12601.982422
12255.000000 12609.208984
12504.000000 12944.180664
13428.000000 13438.350586
14913.000000 14522.353516
15632.000000 16143.390625
15691.000000 16685.927734
15731.000000 16389.923828
15996.000000 16174.076172
15990.000000 16298.975586
16165.000000 16225.386719
16280.000000 16392.400391
16313.000000 16549.615234
16210.000000 16632.943359
16144.000000 16548.791016
15956.000000 16457.451172
15930.000000 16182.351562
15735.000000 16044.868164
16077.000000 15713.741211
16300.000000 16013.178711
15456.000000 16224.537109
14110.000000 15309.314453
12267.000000 14022.198242
12057.000000 12396.356445
11888.000000 12210.403320
11968.000000 12328.021484
12338.000000 12698.897461
13290.000000 13307.799805
14771.000000 14413.832031
15604.000000 15998.114258
15835.000000 16650.496094
15740.000000 16532.951172
15875.000000 16155.658203
15848.000000 16137.757812
15950.000000 16039.329102
15958.000000 16132.561523
15971.000000 16186.069336
15760.000000 16262.380859
15761.000000 16089.325195
15724.000000 16085.448242
15689.000000 15991.432617
15583.000000 15833.760742
16024.000000 15575.762695
16269.000000 15964.057617
15119.000000 16182.084961
13826.000000 14947.844727
12017.000000 13745.812500
11677.000000 12184.974609
11369.000000 11881.673828
11230.000000 11859.662109
11144.000000 12013.536133
11282.000000 12165.524414
11531.000000 12401.189453
11991.000000 12629.665039
12782.000000 12970.477539
13198.000000 13615.958008
13349.000000 13900.737305
13330.000000 13932.131836
13440.000000 13829.875000
13355.000000 13874.981445
13298.000000 13778.399414
13307.000000 13708.270508
13481.000000 13721.153320
13460.000000 13908.973633
13588.000000 13900.311523
13693.000000 13963.163086
14082.000000 13966.929688
14494.000000 14237.484375
13847.000000 14557.634766
13001.000000 13816.441406
12650.000000 12959.376953
12068.000000 12639.680664
11914.000000 12227.497070
11727.000000 12209.120117
11644.000000 12230.221680
11938.000000 12315.162109
12466.000000 12706.874023
12844.000000 13299.675781
13596.000000 13668.083008
14144.000000 14324.979492
14482.000000 14754.480469
14469.000000 14952.176758
14320.000000 14815.417969
14292.000000 14579.922852
14192.000000 14503.413086
14101.000000 14411.421875
14164.000000 14353.780273
14081.000000 14463.693359
13908.000000 14427.911133
13940.000000 14242.862305
14198.000000 14221.254883
14221.000000 14428.149414
13640.000000 14391.808594
12816.000000 13747.631836
13049.000000 12923.605469
12487.000000 13151.876953
12200.000000 12784.656250
12089.000000 12613.431641
12366.000000 12627.299805
13149.000000 13010.150391
14661.000000 13907.510742
15369.000000 15585.458984
15513.000000 16281.247070
15726.000000 16184.845703
15932.000000 16164.286133
16097.000000 16193.201172
16233.000000 16252.505859
16354.000000 16346.753906
16424.000000 16473.244141
16190.000000 16571.968750
16094.000000 16339.496094
15742.000000 16232.514648
15492.000000 15839.263672
15275.000000 15540.805664
15493.000000 15291.727539
15611.000000 15535.129883
14782.000000 15692.212891
13542.000000 14834.361328
13230.000000 13637.954102
12982.000000 13384.573242
12869.000000 13309.607422
12878.000000 13385.966797
13150.000000 13567.008789
14026.000000 13961.992188
15558.000000 14936.394531
16082.000000 16614.699219
16064.000000 16997.746094
15883.000000 16691.750000
15849.000000 16266.251953
15835.000000 16077.893555
15815.000000 15993.342773
15814.000000 15970.372070
15658.000000 16011.669922
15481.000000 15902.975586
15438.000000 15743.947266
15279.000000 15696.236328
15180.000000 15489.413086
15309.000000 15318.054688
15872.000000 15402.748047
16061.000000 15997.466797
15087.000000 16190.708984
13835.000000 15148.384766
14518.000000 13939.585938
14181.000000 14661.250000
14090.000000 14569.398438
14154.000000 14623.035156
14551.000000 14809.583008
15461.000000 15296.595703
17008.000000 16296.854492
17460.000000 17981.845703
17278.000000 18179.527344
16863.000000 17635.500000
16522.000000 16959.578125
16242.000000 16489.724609
16083.000000 16186.895508
15843.000000 16093.086914
15648.000000 15969.484375
15365.000000 15895.018555
15260.000000 15695.357422
15085.000000 15625.373047
14991.000000 15424.884766
15086.000000 15268.106445
15822.000000 15315.956055
15974.000000 16102.392578
15179.000000 16244.540039
14044.000000 15383.583984
13684.000000 14269.216797
13291.000000 13941.895508
13225.000000 13683.255859
13286.000000 13757.471680
13662.000000 13982.147461
14574.000000 14479.156250
16222.000000 15482.566406
16926.000000 17255.011719
17045.000000 17720.529297
17003.000000 17461.041016
17125.000000 17149.015625
16897.000000 17149.333984
16685.000000 16867.808594
16527.000000 16676.392578
16233.000000 16594.933594
15917.000000 16400.498047
15979.000000 16168.367188
16013.000000 16312.304688
15987.000000 16371.370117
16198.000000 16263.914062
16854.000000 16378.213867
17060.000000 17011.894531
16180.000000 17123.052734
15203.000000 16093.967773
12305.000000 15147.852539
11853.000000 12544.914062
11870.000000 11985.085938
11968.000000 12215.900391
12245.000000 12693.706055
13186.000000 13284.951172
14846.000000 14402.055664
15530.000000 16177.602539
15848.000000 16556.570312
16032.000000 16468.798828
16302.000000 16368.079102
16246.000000 16508.771484
16141.000000 16405.843750
15967.000000 16304.597656
15912.000000 16166.758789
15654.000000 16179.064453
15684.000000 16003.774414
15565.000000 16086.994141
15584.000000 15952.524414
15718.000000 15858.962891
16310.000000 15833.265625
16279.000000 16325.684570
15443.000000 16126.229492
14332.000000 15178.741211
12068.000000 14140.500000
11436.000000 12194.444336
11411.000000 11600.994141
11190.000000 11778.959961
11144.000000 11951.839844
11302.000000 12185.405273
11521.000000 12488.728516
11873.000000 12705.210938
12638.000000 12920.572266
13143.000000 13500.957031
13237.000000 13845.870117
13341.000000 13805.850586
13391.000000 13813.606445
13387.000000 13815.772461
13444.000000 13794.322266
13420.000000 13846.659180
13434.000000 13847.057617
13604.000000 13873.826172
13693.000000 14037.802734
13794.000000 14091.420898
14547.000000 14089.922852
14518.000000 14741.845703
13786.000000 14581.301758
12934.000000 13717.422852
13190.000000 12843.647461
12445.000000 13092.173828
12085.000000 12593.708008
11814.000000 12373.549805
11832.000000 12276.624023
11899.000000 12439.393555
12241.000000 12643.590820
12660.000000 13043.497070
13536.000000 13466.752930
14153.000000 14290.628906
14483.000000 14821.745117
14601.000000 15008.426758
14637.000000 14987.865234
14597.000000 14925.419922
14563.000000 14832.014648
14397.000000 14782.038086
14328.000000 14635.202148
14276.000000 14591.402344
14213.000000 14576.394531
13955.000000 14527.292969
14191.000000 14236.463867
14295.000000 14414.843750
13570.000000 14476.190430
12642.000000 13683.080078
13272.000000 12744.312500
12716.000000 13342.933594
12433.000000 13005.846680
12307.000000 12834.724609
12473.000000 12825.161133
13173.000000 13092.936523
14575.000000 13891.839844
15330.000000 15454.310547
15584.000000 16247.217773
15811.000000 16315.314453
16083.000000 16322.099609
16423.000000 16413.779297
16564.000000 16641.371094
16742.000000 16714.044922
16769.000000 16866.167969
16522.000000 16883.964844
16491.000000 16606.902344
16260.000000 16564.662109
16062.000000 16309.647461
15731.000000 16080.065430
15954.000000 15710.528320
16020.000000 15967.851562
15250.000000 16072.039062
14084.000000 15265.149414
13144.000000 14124.942383
12599.000000 13278.395508
12394.000000 12868.917969
12272.000000 12846.188477
12483.000000 12938.209961
13244.000000 13309.930664
14781.000000 14195.025391
15338.000000 15886.583008
15598.000000 16339.333984
15733.000000 16352.829102
15956.000000 16259.541992
16036.000000 16330.976562
16211.000000 16320.285156
16443.000000 16460.640625
16538.000000 16709.925781
16367.000000 16833.726562
16381.000000 16644.533203
16241.000000 16619.599609
16106.000000 16400.810547
15904.000000 16158.455078
16536.000000 15847.558594
16476.000000 16510.908203
15524.000000 16405.287109
14085.000000 15373.978516
13079.000000 13987.524414
12630.000000 13105.687500
12403.000000 12820.476562
12295.000000 12840.181641
12480.000000 12989.544922
13366.000000 13364.735352
14879.000000 14383.355469
15386.000000 16040.484375
15645.000000 16371.352539
15715.000000 16350.134766
15836.000000 16179.670898
15900.000000 16156.944336
16108.000000 16152.609375
16172.000000 16354.841797
16216.000000 16454.742188
16034.000000 16538.357422
16027.000000 16363.757812
16049.000000 16332.587891
15911.000000 16300.234375
15782.000000 16041.086914
16365.000000 15777.107422
16381.000000 16348.141602
15385.000000 16303.585938
14084.000000 15219.184570
13149.000000 13978.269531
12672.000000 13173.434570
12449.000000 12868.478516
12434.000000 12883.246094
13228.000000 13118.751953
13415.000000 14124.806641
15194.000000 14451.734375
15736.000000 16329.204102
15973.000000 16683.656250
16008.000000 16622.451172
16193.000000 16408.236328
16140.000000 16457.171875
15944.000000 16335.915039
16150.000000 16119.801758
16100.000000 16360.160156
15906.000000 16389.761719
15778.000000 16230.984375
15687.000000 16094.454102
15537.000000 15950.741211
15562.000000 15695.083008
16193.000000 15617.813477
16267.000000 16247.375000
15240.000000 16261.188477
13990.000000 15135.572266
12726.000000 13943.004883
12603.000000 12833.319336
12295.000000 12796.901367
12349.000000 12777.951172
12594.000000 13065.895508
13587.000000 13514.771484
15260.000000 14639.959961
15926.000000 16465.218750
16138.000000 16913.445312
16173.000000 16770.177734
16138.000000 16526.853516
16078.000000 16326.485352
16028.000000 16195.669922
15971.000000 16145.099609
15899.000000 16140.400391
15676.000000 16149.754883
15521.000000 15990.739258
15461.000000 15850.179688
15351.000000 15755.525391
15535.000000 15546.013672
16176.000000 15632.561523
16097.000000 16252.104492
15093.000000 16065.617188
13961.000000 14977.590820
12202.000000 13916.790039
11879.000000 12389.401367
11646.000000 12098.140625
11635.000000 12127.543945
11608.000000 12396.179688
11763.000000 12609.564453
11976.000000 12854.427734
12364.000000 13030.638672
13163.000000 13283.193359
13652.000000 13929.959961
13790.000000 14288.382812
13880.000000 14307.799805
13887.000000 14312.831055
13848.000000 14274.576172
13713.000000 14215.894531
13579.000000 14084.209961
13644.000000 13959.489258
13745.000000 14035.091797
13769.000000 14157.153320
13938.000000 14153.748047
14771.000000 14234.572266
14755.000000 15000.626953
14122.000000 14855.548828
13361.000000 14086.342773
12778.000000 13296.916992
12090.000000 12771.822266
11819.000000 12242.870117
11603.000000 12112.681641
11672.000000 12107.222656
11864.000000 12350.870117
12288.000000 12689.025391
12787.000000 13169.326172
13564.000000 13642.375977
14080.000000 14325.142578
14272.000000 14707.918945
14275.000000 14744.825195
14240.000000 14624.573242
14146.000000 14513.800781
14125.000000 14391.375000
13927.000000 14374.598633
14017.000000 14221.468750
14005.000000 14341.850586
14095.000000 14379.573242
14125.000000 14464.852539
14546.000000 14441.367188
14300.000000 14788.824219
13711.000000 14434.426758
12889.000000 13753.528320
13158.000000 12932.642578
12674.000000 13204.785156
12557.000000 12929.442383
12405.000000 12938.750977
12697.000000 12942.069336
13559.000000 13334.223633
15074.000000 14310.717773
15882.000000 15999.143555
15957.000000 16781.863281
15850.000000 16583.544922
15873.000000 16212.701172
15885.000000 16056.492188
15905.000000 15975.970703
15948.000000 15979.210938
15922.000000 16061.062500
15749.000000 16095.761719
15734.000000 15959.183594
15773.000000 15957.483398
15411.000000 15986.826172
15209.000000 15538.255859
15593.000000 15260.356445
15554.000000 15660.842773
14710.000000 15635.479492
13527.000000 14780.082031
13689.000000 13659.791992
13387.000000 13869.392578
13337.000000 13782.780273
13475.000000 13892.135742
13794.000000 14172.229492
14871.000000 14588.327148
16465.000000 15757.260742
17154.000000 17494.341797
16823.000000 17996.542969
16574.000000 17274.259766
16332.000000 16790.427734
16168.000000 16406.785156
16110.000000 16197.579102
16117.000000 16178.855469
16025.000000 16285.502930
15861.000000 16293.246094
15848.000000 16172.142578
15682.000000 16152.754883
15525.000000 15908.675781
15481.000000 15647.266602
16263.000000 15534.246094
16261.000000 16394.902344
15261.000000 16390.490234
14045.000000 15346.683594
14775.000000 14186.158203
14550.000000 14979.005859
14529.000000 15003.550781
14648.000000 15128.651367
15103.000000 15355.829102
16086.000000 15880.122070
17776.000000 16937.921875
18344.000000 18776.091797
17892.000000 19043.017578
17362.000000 18132.148438
17043.000000 17351.791016
16642.000000 16929.435547
16281.000000 16524.376953
15984.000000 16241.014648
15937.000000 16077.750977
15697.000000 16195.876953
15554.000000 16068.997070
15357.000000 15949.945312
15298.000000 15694.951172
15361.000000 15553.107422
16158.000000 15556.092773
16255.000000 16423.884766
15465.000000 16511.724609
14373.000000 15672.202148
15465.000000 14611.751953
15239.000000 15786.021484
15213.000000 15774.885742
15385.000000 15843.925781
15758.000000 16082.518555
16703.000000 16489.876953
18383.000000 17490.636719
18847.000000 19325.558594
18460.000000 19445.355469
17850.000000 18600.222656
17326.000000 17708.593750
16826.000000 17069.916016
16605.000000 16577.111328
16408.000000 16474.437500
16060.000000 16463.531250
15658.000000 16282.116211
15614.000000 15979.944336
15501.000000 16002.702148
15408.000000 15885.792969
15682.000000 15734.092773
16685.000000 15986.478516
16785.000000 17098.656250
16145.000000 17132.855469
15239.000000 16396.117188
14569.000000 15473.369141
14221.000000 14839.845703
14316.000000 14572.499023
14460.000000 14806.977539
14846.000000 15137.748047
15839.000000 15657.164062
17410.000000 16759.123047
18204.000000 18439.261719
18224.000000 18937.142578
17917.000000 18490.187500
17832.000000 17872.685547
17669.000000 17688.585938
17546.000000 17525.792969
17448.000000 17489.574219
17097.000000 17530.056641
16756.000000 17299.566406
16694.000000 17042.632812
16648.000000 17051.003906
16603.000000 17007.943359
16897.000000 16880.650391
17753.000000 17109.583984
17765.000000 18004.652344
16920.000000 17841.541016
15985.000000 16827.761719
13092.000000 15906.117188
12756.000000 13228.877930
12497.000000 12818.717773
12421.000000 12843.498047
12565.000000 13112.175781
12760.000000 13552.293945
13221.000000 13895.397461
13643.000000 14316.658203
14379.000000 14562.179688
15001.000000 15100.680664
14989.000000 15553.901367
15121.000000 15398.830078
15076.000000 15475.683594
14957.000000 15422.728516
14887.000000 15315.175781
14707.000000 15268.836914
14821.000000 15130.504883
15100.000000 15277.578125
15320.000000 15597.484375
15678.000000 15779.894531
16524.000000 16012.913086
16339.000000 16756.097656
15720.000000 16277.600586
15098.000000 15462.111328
12671.000000 14810.927734
12126.000000 12611.401367
11877.000000 12060.256836
11836.000000 12044.680664
11898.000000 12332.717773
12246.000000 12715.303711
12798.000000 13259.005859
13222.000000 13866.316406
13954.000000 14186.289062
14589.000000 14742.152344
14891.000000 15205.267578
14987.000000 15361.635742
14873.000000 15366.589844
14603.000000 15204.556641
14604.000000 14911.750977
14493.000000 14899.764648
14442.000000 14838.223633
14580.000000 14833.672852
14541.000000 15004.364258
14630.000000 14938.725586
15236.000000 14918.059570
14973.000000 15428.713867
14394.000000 14983.721680
13652.000000 14276.206055
13531.000000 13531.858398
13041.000000 13480.973633
12806.000000 13193.115234
12627.000000 13136.045898
12839.000000 13150.697266
13553.000000 13513.137695
14945.000000 14373.071289
15730.000000 15939.784180
15821.000000 16698.357422
15996.000000 16500.167969
16197.000000 16417.794922
16117.000000 16434.626953
16078.000000 16236.090820
16163.000000 16154.556641
16042.000000 16264.816406
15704.000000 16199.238281
15543.000000 15895.806641
15277.000000 15758.167969
14971.000000 15496.713867
14943.000000 15157.507812
15460.000000 15101.075195
15177.000000 15650.439453
14396.000000 15313.649414
13451.000000 14479.598633
13362.000000 13567.308594
12919.000000 13538.394531
12816.000000 13285.157227
12907.000000 13331.515625
13201.000000 13581.293945
14083.000000 14004.485352
15695.000000 14985.840820
16390.000000 16754.982422
16338.000000 17323.783203
16299.000000 16935.195312
16388.000000 16637.160156
16370.000000 16562.044922
16328.000000 16460.951172
16480.000000 16404.644531
16362.000000 16606.849609
16161.000000 16547.642578
16239.000000 16365.570312
15931.000000 16458.701172
15922.000000 16088.102539
16015.000000 16016.968750
16666.000000 16068.979492
16254.000000 16776.496094
15433.000000 16265.244141
14214.000000 15404.417969
13461.000000 14239.803711
12981.000000 13589.629883
12770.000000 13275.049805
12686.000000 13267.594727
12942.000000 13396.620117
13791.000000 13806.343750
15389.000000 14766.549805
16127.000000 16500.369141
16217.000000 17064.238281
16158.000000 16808.667969
16229.000000 16497.009766
16113.000000 16434.744141
15989.000000 16262.693359
15960.000000 16141.020508
15833.000000 16163.718750
15597.000000 16116.842773
15415.000000 15935.691406
15177.000000 15762.646484
15148.000000 15474.287109
15392.000000 15361.155273
16265.000000 15533.819336
16172.000000 16429.599609
15230.000000 16205.391602
14168.000000 15156.177734
13638.000000 14139.336914
13221.000000 13710.560547
13027.000000 13475.417969
12991.000000 13487.948242
13255.000000 13666.250977
14201.000000 14101.105469
15872.000000 15187.232422
16623.000000 17034.976562
16677.000000 17580.802734
16625.000000 17218.867188
16547.000000 16866.585938
16425.000000 16616.130859
16227.000000 16431.470703
16229.000000 16248.832031
16124.000000 16330.072266
15739.000000 16343.053711
15665.000000 16033.778320
15628.000000 15999.731445
15500.000000 15965.170898
15700.000000 15757.396484
16563.000000 15878.379883
16289.000000 16767.609375
15373.000000 16325.368164
14281.000000 15310.716797
12904.000000 14261.412109
12659.000000 13042.820312
12743.000000 12872.722656
12878.000000 13194.655273
13157.000000 13621.657227
14168.000000 14105.772461
15836.000000 15238.829102
16620.000000 17035.177734
16814.000000 17568.121094
16657.000000 17362.044922
16605.000000 16895.675781
16433.000000 16691.943359
16328.000000 16462.326172
16166.000000 16376.498047
16113.000000 16290.777344
15844.000000 16346.706055
15739.000000 16167.379883
15467.000000 16094.684570
15573.000000 15769.562500
15720.000000 15793.020508
16515.000000 15840.218750
16372.000000 16639.238281
15316.000000 16357.170898
14276.000000 15207.931641
13170.000000 14238.582031
12830.000000 13291.412109
12711.000000 13081.300781
12707.000000 13200.695312
12726.000000 13456.020508
13038.000000 13665.619141
13476.000000 14041.789062
13776.000000 14440.187500
14354.000000 14589.790039
14611.000000 14994.241211
14351.000000 15086.088867
14247.000000 14695.015625
14128.000000 14520.411133
13792.000000 14395.486328
13611.000000 14101.723633
13469.000000 13960.137695
13658.000000 13886.475586
13695.000000 14134.939453
13891.000000 14220.865234
14029.000000 14377.374023
14916.000000 14420.462891
14875.000000 15238.900391
14310.000000 15068.875977
13621.000000 14388.321289
13614.000000 13676.114258
13332.000000 13685.888672
13089.000000 13551.024414
13082.000000 13450.796875
13181.000000 13572.392578
13485.000000 13794.273438
14071.000000 14171.241211
14639.000000 14779.942383
15222.000000 15300.527344
15475.000000 15766.669922
15335.000000 15850.044922
15272.000000 15547.500977
14967.000000 15397.627930
14678.000000 15071.783203
14391.000000 14806.399414
14203.000000 14583.766602
14181.000000 14481.968750
14131.000000 14554.862305
14267.000000 14577.050781
14493.000000 14726.060547
15216.000000 14918.914062
15072.000000 15615.746094
14410.000000 15337.316406
13863.000000 14551.676758
14965.000000 13971.345703
14566.000000 15127.879883
14371.000000 14905.629883
14328.000000 14784.680664
14571.000000 14806.939453
15216.000000 15114.539062
16577.000000 15843.987305
17421.000000 17364.656250
17244.000000 18175.767578
17255.000000 17646.347656
17205.000000 17422.445312
16961.000000 17205.355469
16766.000000 16872.632812
16551.000000 16681.199219
16321.000000 16531.130859
15950.000000 16396.914062
15843.000000 16111.032227
15809.000000 16087.087891
15812.000000 16116.817383
15936.000000 16134.956055
16337.000000 16245.841797
15899.000000 16652.564453
15325.000000 16095.589844
14448.000000 15468.310547
14685.000000 14605.737305
14214.000000 14917.686523
14161.000000 14616.149414
14195.000000 14680.064453
14478.000000 14838.567383
15266.000000 15210.209961
16962.000000 16080.112305
17781.000000 17963.056641
17698.000000 18627.996094
17747.000000 18144.134766
17701.000000 17960.431641
17586.000000 17757.126953
17463.000000 17578.265625
17331.000000 17467.490234
17057.000000 17399.082031
16870.000000 17195.283203
16969.000000 17075.349609
17180.000000 17249.271484
17336.000000 17492.736328
17686.000000 17585.062500
18037.000000 17864.876953
17660.000000 18135.763672
16722.000000 17576.324219
15703.000000 16549.064453
14429.000000 15584.093750
14176.000000 14451.891602
13915.000000 14346.869141
13953.000000 14363.057617
14304.000000 14654.112305
15193.000000 15208.313477
16664.000000 16235.735352
17624.000000 17807.816406
17492.000000 18546.052734
17179.000000 17923.089844
16923.000000 17346.738281
16502.000000 16981.207031
16228.000000 16540.472656
16051.000000 16318.922852
15752.000000 16257.428711
15474.000000 16097.620117
15319.000000 15924.208984
15239.000000 15817.016602
15439.000000 15703.357422
15805.000000 15816.410156
16907.000000 16071.091797
16863.000000 17189.007812
16221.000000 16929.738281
15303.000000 16171.439453
13946.000000 15274.714844
13408.000000 14043.777344
13133.000000 13595.003906
13114.000000 13515.370117
13352.000000 13743.633789
14135.000000 14217.752930
15593.000000 15169.419922
16507.000000 16755.011719
16391.000000 17460.304688
16359.000000 16831.072266
16391.000000 16505.861328
16358.000000 16400.089844
16262.000000 16352.602539
16216.000000 16319.021484
15996.000000 16379.797852
15887.000000 16278.156250
15864.000000 16270.913086
15926.000000 16324.611328
16072.000000 16399.701172
16371.000000 16476.986328
17146.000000 16656.955078
16800.000000 17372.246094
16065.000000 16749.232422
15076.000000 15877.090820
14283.000000 14898.618164
14100.000000 14221.917969
13928.000000 14205.415039
14059.000000 14291.232422
14353.000000 14666.880859
15171.000000 15167.998047
16652.000000 16131.381836
17544.000000 17757.470703
17674.000000 18468.859375
17573.000000 18181.505859
17728.000000 17776.878906
17344.000000 17807.097656
17164.000000 17331.949219
16867.000000 17168.927734
16637.000000 16940.183594
16325.000000 16811.572266
16209.000000 16597.630859
16344.000000 16555.767578
16255.000000 16734.630859
16491.000000 16561.767578
17032.000000 16705.226562
16547.000000 17198.193359
15695.000000 16502.728516
14676.000000 15583.832031
14167.000000 14630.070312
13805.000000 14253.943359
13622.000000 14095.211914
13644.000000 14137.568359
13848.000000 14372.196289
14083.000000 14734.771484
14475.000000 15022.501953
14913.000000 15355.687500
15586.000000 15659.723633
16047.000000 16197.764648
16043.000000 16511.642578
16061.000000 16354.983398
15935.000000 16293.657227
15828.000000 16135.994141
15549.000000 16038.030273
15295.000000 15791.649414
15353.000000 15575.402344
15359.000000 15690.082031
15607.000000 15743.065430
15905.000000 15995.211914
16515.000000 16244.607422
16244.000000 16803.837891
15498.000000 16321.469727
14822.000000 15425.436523
14934.000000 14735.220703
14419.000000 14935.741211
14335.000000 14600.300781
14332.000000 14670.476562
14538.000000 14843.208008
14998.000000 15191.848633
15517.000000 15751.700195
16132.000000 16290.241211
16556.000000 16842.205078
16851.000000 17112.000000
16854.000000 17235.968750
16593.000000 17078.986328
16136.000000 16708.697266
15580.000000 16202.432617
15115.000000 15651.797852
14853.000000 15240.157227
14781.000000 15076.127930
14898.000000 15128.919922
14967.000000 15353.236328
15415.000000 15448.239258
16042.000000 15876.286133
15874.000000 16461.828125
15445.000000 16108.823242
14710.000000 15560.815430
14552.000000 14799.381836
14059.000000 14691.379883
13872.000000 14334.739258
13833.000000 14273.242188
14187.000000 14385.500977
14873.000000 14881.051758
16125.000000 15696.774414
16958.000000 17063.578125
17147.000000 17780.234375
17331.000000 17620.894531
17411.000000 17544.089844
17348.000000 17452.970703
17230.000000 17314.960938
17081.000000 17203.539062
16690.000000 17115.015625
16418.000000 16793.974609
16329.000000 16601.816406
16303.000000 16604.781250
16338.000000 16638.787109
16479.000000 16667.935547
17120.000000 16751.576172
16896.000000 17389.759766
16356.000000 16971.042969
15582.000000 16312.941406
14146.000000 15526.239258
13835.000000 14184.248047
13774.000000 13966.239258
13743.000000 14131.333008
14072.000000 14360.448242
14987.000000 14897.724609
16414.000000 15994.509766
17386.000000 17574.078125
17294.000000 18391.355469
17388.000000 17822.236328
17462.000000 17659.318359
17314.000000 17576.789062
17181.000000 17357.357422
16982.000000 17234.164062
16780.000000 17092.357422
16534.000000 16973.677734
16712.000000 16805.849609
16711.000000 17076.457031
16786.000000 17080.181641
17057.000000 17070.714844
17371.000000 17239.361328
17077.000000 17447.390625
16288.000000 16979.718750
15281.000000 16106.869141
15319.000000 15151.891602
14878.000000 15342.115234
14652.000000 15133.627930
14554.000000 15108.985352
14861.000000 15192.713867
15661.000000 15647.213867
16963.000000 16583.708984
17761.000000 18009.033203
17517.000000 18639.138672
17196.000000 17944.978516
17010.000000 17355.390625
16778.000000 17042.730469
16577.000000 16783.599609
16359.000000 16635.644531
16062.000000 16518.023438
15692.000000 16327.760742
15565.000000 16033.666016
15409.000000 15956.676758
15512.000000 15799.376953
15952.000000 15867.702148
16793.000000 16284.702148
16485.000000 17151.404297
15719.000000 16642.355469
14883.000000 15767.082031
16752.000000 14940.057617
16496.000000 17044.335938
16574.000000 16969.753906
16643.000000 17142.917969
17029.000000 17253.423828
17961.000000 17672.666016
19428.000000 18696.734375
20283.000000 20321.197266
20085.000000 20990.134766
19567.000000 20290.312500
19108.000000 19427.882812
18630.000000 18804.011719
18170.000000 18282.318359
17861.000000 17886.271484
17549.000000 17728.060547
17191.000000 17586.511719
17047.000000 17359.062500
16977.000000 17317.658203
17037.000000 17287.982422
17436.000000 17345.425781
18008.000000 17771.742188
17626.000000 18382.236328
16893.000000 17826.800781
15927.000000 17020.613281
15290.000000 16062.025391
15114.000000 15507.333008
15250.000000 15475.020508
15438.000000 15820.944336
15771.000000 16206.979492
16738.000000 16646.396484
18335.000000 17699.556641
19363.000000 19407.443359
19411.000000 20180.640625
19333.000000 19717.980469
19010.000000 19374.802734
18511.000000 18891.371094
18225.000000 18344.974609
18007.000000 18124.667969
17576.000000 18042.816406
17248.000000 17746.523438
17175.000000 17534.708984
17122.000000 17554.736328
17260.000000 17494.138672
17894.000000 17555.664062
18888.000000 18161.496094
18718.000000 19176.587891
18047.000000 18692.593750
17231.000000 17891.462891
14711.000000 17102.791016
14412.000000 14694.154297
14257.000000 14435.992188
14328.000000 14579.850586
14562.000000 15007.404297
14914.000000 15544.964844
15455.000000 16021.537109
16040.000000 16487.878906
16517.000000 16844.640625
16513.000000 17033.792969
16128.000000 16751.099609
15561.000000 16221.054688
15324.000000 15637.618164
14780.000000 15458.058594
14290.000000 15034.039062
13936.000000 14662.024414
13784.000000 14433.497070
14091.000000 14397.726562
14412.000000 14790.230469
15214.000000 15117.232422
16241.000000 15847.338867
16294.000000 16765.367188
16035.000000 16500.607422
15615.000000 16051.049805
13991.000000 15579.011719
13824.000000 14038.584961
13608.000000 13864.679688
13567.000000 13845.924805
13673.000000 14036.071289
14046.000000 14368.877930
14642.000000 14890.883789
15270.000000 15516.473633
15777.000000 16017.123047
16180.000000 16276.252930
16280.000000 16435.121094
16258.000000 16354.486328
15860.000000 16270.283203
15688.000000 15880.586914
15434.000000 15774.420898
15132.000000 15629.450195
15031.000000 15444.508789
15091.000000 15454.432617
15253.000000 15612.157227
15605.000000 15807.686523
16399.000000 16114.625000
16304.000000 16853.277344
15870.000000 16491.388672
15271.000000 15847.949219
15486.000000 15172.196289
15174.000000 15455.166992
15085.000000 15287.538086
15124.000000 15351.799805
15369.000000 15557.352539
16101.000000 15957.295898
17318.000000 16848.703125
18035.000000 18239.896484
18211.000000 18855.357422
17984.000000 18704.236328
17625.000000 18139.300781
17198.000000 17563.355469
16709.000000 17041.324219
16181.000000 16559.654297
15801.000000 16112.636719
15482.000000 15866.906250
15228.000000 15704.364258
15220.000000 15580.799805
15127.000000 15661.865234
15451.000000 15576.111328
16137.000000 15890.110352
15844.000000 16592.730469
15444.000000 16144.761719
14598.000000 15670.464844
15514.000000 14813.325195
15051.000000 15820.007812
14975.000000 15512.520508
15074.000000 15514.833984
15386.000000 15696.737305
16421.000000 16078.996094
18043.000000 17232.056641
19009.000000 19044.052734
18877.000000 19836.765625
18553.000000 19184.779297
18304.000000 18521.562500
17942.000000 18098.957031
17610.000000 17674.824219
17280.000000 17391.171875
16898.000000 17179.474609
16458.000000 16940.203125
16155.000000 16622.572266
16077.000000 16411.572266
16034.000000 16395.115234
16684.000000 16350.341797
17602.000000 17061.517578
17597.000000 18049.398438
17091.000000 17851.111328
16025.000000 17203.404297
14685.000000 16080.941406
14221.000000 14802.833984
13997.000000 14417.061523
14004.000000 14385.517578
14229.000000 14633.375977
15065.000000 15079.744141
16411.000000 16087.471680
17267.000000 17553.115234
17042.000000 18183.046875
16954.000000 17425.521484
17118.000000 17065.095703
17140.000000 17126.644531
17106.000000 17145.888672
17097.000000 17182.468750
17084.000000 17283.824219
16951.000000 17391.632812
17142.000000 17342.744141
17395.000000 17607.117188
17497.000000 17875.853516
17671.000000 17860.791016
17846.000000 17875.589844
17712.000000 17892.185547
17046.000000 17596.796875
16106.000000 16812.998047
15561.000000 15883.831055
15166.000000 15465.502930
15152.000000 15265.762695
15204.000000 15488.857422
15396.000000 15780.304688
16329.000000 16139.727539
17899.000000 17240.054688
18739.000000 19012.138672
18619.000000 19637.613281
18398.000000 19046.132812
18286.000000 18558.693359
17964.000000 18327.986328
17869.000000 17957.919922
17593.000000 17921.611328
17214.000000 17734.396484
16980.000000 17440.216797
16949.000000 17289.089844
16947.000000 17325.933594
17014.000000 17316.126953
17455.000000 17301.625000
17690.000000 17690.718750
17243.000000 17806.656250
16441.000000 17177.164062
15482.000000 16319.236328
15499.000000 15425.164062
15385.000000 15602.917969
15396.000000 15729.355469
15646.000000 15963.987305
16241.000000 16404.267578
17315.000000 17147.123047
18930.000000 18341.494141
19950.000000 20070.458984
19747.000000 20816.250000
19359.000000 20020.158203
19180.000000 19329.578125
18634.000000 19040.574219
18126.000000 18432.980469
17740.000000 17970.666016
17384.000000 17708.679688
17098.000000 17512.136719
17090.000000 17367.855469
17191.000000 17466.183594
17458.000000 17577.017578
18066.000000 17773.691406
18501.000000 18330.507812
18105.000000 18647.992188
17300.000000 18036.486328
16314.000000 17181.142578
14295.000000 16267.338867
14002.000000 14413.645508
13793.000000 14183.859375
13834.000000 14268.337891
13953.000000 14618.964844
14177.000000 14967.120117
14786.000000 15236.399414
15416.000000 15754.474609
15692.000000 16183.234375
16088.000000 16180.708984
15757.000000 16414.119141
15587.000000 15954.247070
15413.000000 15778.836914
15219.000000 15653.478516
14957.000000 15539.644531
14782.000000 15369.881836
15044.000000 15277.959961
15294.000000 15624.443359
15354.000000 15923.098633
16011.000000 15882.500977
17024.000000 16427.980469
17013.000000 17366.201172
16501.000000 17057.978516
15904.000000 16347.940430
14271.000000 15712.831055
13852.000000 14168.520508
13614.000000 13809.399414
13567.000000 13790.267578
13712.000000 14017.560547
14066.000000 14420.898438
14749.000000 14939.731445
15479.000000 15665.270508
16025.000000 16293.727539
16409.000000 16610.851562
16413.000000 16765.980469
16133.000000 16592.597656
15853.000000 16234.436523
15609.000000 15958.566406
15446.000000 15769.964844
15312.000000 15701.501953
15459.000000 15685.463867
15542.000000 15951.404297
15543.000000 16101.401367
15975.000000 16042.975586
16272.000000 16382.803711
16047.000000 16523.626953
15611.000000 16079.345703
14906.000000 15518.877930
14183.000000 14803.915039
13769.000000 14171.916016
13740.000000 13899.559570
13816.000000 14059.361328
14032.000000 14365.498047
15028.000000 14768.602539
16710.000000 15930.261719
17845.000000 17835.126953
17796.000000 18863.232422
17628.000000 18309.203125
17495.000000 17819.568359
17078.000000 17503.882812
16950.000000 16995.693359
16720.000000 16891.855469
16654.000000 16756.982422
16478.000000 16828.734375
16295.000000 16776.552734
16332.000000 16644.972656
16244.000000 16679.710938
16394.000000 16494.630859
16695.000000 16549.025391
16438.000000 16789.597656
15954.000000 16426.082031
14884.000000 15923.818359
15631.000000 14905.754883
15391.000000 15811.550781
15351.000000 15804.283203
15470.000000 15919.861328
15667.000000 16161.329102
16606.000000 16424.074219
18218.000000 17460.505859
19285.000000 19257.736328
19142.000000 20185.037109
18604.000000 19514.595703
17815.000000 18614.771484
16944.000000 17609.593750
16733.000000 16667.837891
16501.000000 16533.757812
16245.000000 16491.650391
15859.000000 16440.185547
15625.000000 16193.047852
15489.000000 16021.084961
15517.000000 15876.194336
16016.000000 15854.213867
16849.000000 16348.566406
16559.000000 17233.767578
15817.000000 16788.734375
14843.000000 15983.910156
16276.000000 15037.334961
16092.000000 16630.656250
16138.000000 16663.980469
16041.000000 16807.863281
16041.000000 16736.626953
17201.000000 16703.019531
18966.000000 17963.037109
19777.000000 19953.556641
19476.000000 20491.035156
18871.000000 19626.351562
18267.000000 18671.769531
17634.000000 17909.537109
17247.000000 17257.615234
16834.000000 16983.015625
16521.000000 16754.716797
16120.000000 16651.269531
15949.000000 16415.050781
15822.000000 16352.549805
15936.000000 16252.137695
16556.000000 16346.880859
17605.000000 16988.263672
17593.000000 18119.371094
17014.000000 17907.695312
16126.000000 17192.207031
15942.000000 16269.352539
15711.000000 16151.949219
15439.000000 16048.071289
15599.000000 15915.203125
16026.000000 16223.888672
16991.000000 16808.021484
18614.000000 17919.970703
19671.000000 19702.560547
19382.000000 20491.300781
19006.000000 19518.283203
18798.000000 18822.853516
18236.000000 18505.425781
17818.000000 17916.603516
17593.000000 17600.664062
17198.000000 17560.011719
16935.000000 17357.933594
16798.000000 17266.501953
16836.000000 17248.359375
17129.000000 17324.121094
17873.000000 17589.001953
18673.000000 18317.458984
18547.000000 19046.359375
17832.000000 18619.257812
17118.000000 17731.876953
16527.000000 17032.890625
16341.000000 16545.626953
16605.000000 16534.591797
16549.000000 17056.722656
16719.000000 17217.068359
17681.000000 17513.044922
19297.000000 18637.517578
20413.000000 20439.837891
20251.000000 21302.615234
19892.000000 20448.300781
19280.000000 19741.570312
18553.000000 18937.865234
18039.000000 18187.511719
17455.000000 17783.494141
17137.000000 17372.341797
16824.000000 17283.640625
16836.000000 17190.562500
16965.000000 17378.148438
17243.000000 17566.943359
17911.000000 17779.042969
18520.000000 18374.382812
18246.000000 18842.193359
17504.000000 18275.562500
16557.000000 17415.419922
17344.000000 16497.955078
17206.000000 17526.937500
17180.000000 17614.476562
17259.000000 17764.689453
17407.000000 17974.541016
17860.000000 18175.005859
18483.000000 18636.224609
18591.000000 19196.421875
18522.000000 19012.705078
18299.000000 18663.179688
17884.000000 18235.638672
17415.000000 17714.814453
16802.000000 17254.070312
16273.000000 16715.929688
15997.000000 16318.565430
15819.000000 16216.238281
15864.000000 16215.251953
16100.000000 16406.513672
17193.000000 16731.291016
18120.000000 17976.990234
18013.000000 18888.230469
17634.000000 18419.316406
17038.000000 17802.589844
16387.000000 17077.787109
15883.000000 16411.953125
15867.000000 15976.200195
15857.000000 16107.355469
16075.000000 16299.882812
16287.000000 16699.253906
16841.000000 16997.634766
17231.000000 17561.513672
18031.000000 17805.875000
18600.000000 18502.357422
18828.000000 18891.060547
18815.000000 18942.027344
18709.000000 18831.632812
18736.000000 18717.333984
18738.000000 18821.884766
18583.000000 18926.427734
18761.000000 18851.890625
18964.000000 19152.798828
19542.000000 19431.781250
20135.000000 20087.091797
19859.000000 20630.203125
19289.000000 19955.109375
18540.000000 19079.455078
17864.000000 18160.121094
15892.000000 17487.291016
15600.000000 15538.421875
15549.000000 15434.462891
15620.000000 15724.418945
15927.000000 16137.828125
16803.000000 16710.025391
18391.000000 17799.660156
18998.000000 19608.667969
19109.000000 19884.583984
19351.000000 19623.011719
19677.000000 19694.410156
19662.000000 19958.433594
19565.000000 19887.304688
19424.000000 19794.083984
18964.000000 19681.562500
18725.000000 19210.734375
18794.000000 19001.468750
18939.000000 19139.320312
19287.000000 19291.078125
19512.000000 19587.421875
19177.000000 19625.902344
18767.000000 18965.279297
17878.000000 18404.585938
17055.000000 17439.091797
16846.000000 16731.072266
16653.000000 16771.310547
16531.000000 16863.763672
16721.000000 17009.158203
17130.000000 17439.005859
17963.000000 18021.513672
19587.000000 18981.177734
20110.000000 20805.093750
19675.000000 20923.240234
19042.000000 19958.181641
18501.000000 19040.373047
17907.000000 18389.666016
17510.000000 17787.910156
17195.000000 17489.171875
16950.000000 17336.804688
16672.000000 17265.511719
16629.000000 17099.132812
16793.000000 17106.072266
17525.000000 17256.013672
18332.000000 18007.154297
18447.000000 18769.093750
18058.000000 18639.289062
17224.000000 18069.363281
16297.000000 17165.880859
15706.000000 16291.127930
15417.000000 15820.784180
15374.000000 15713.124023
15421.000000 15901.154297
15801.000000 16160.173828
16794.000000 16677.248047
18434.000000 17772.443359
18917.000000 19508.048828
19071.000000 19499.244141
19085.000000 19259.539062
19084.000000 19046.212891
18907.000000 18987.013672
18752.000000 18832.046875
18623.000000 18775.123047
18333.000000 18781.158203
18101.000000 18607.175781
18229.000000 18467.775391
18431.000000 18693.693359
19193.000000 18901.285156
19658.000000 19684.841797
19504.000000 19929.781250
19123.000000 19397.742188
18371.000000 18806.474609
17434.000000 17968.544922
14400.000000 17102.744141
14044.000000 14254.625977
13923.000000 13951.981445
14014.000000 14210.515625
14277.000000 14737.531250
15245.000000 15335.165039
16913.000000 16507.617188
17805.000000 18304.109375
17935.000000 18808.957031
18010.000000 18415.162109
18115.000000 18240.142578
18052.000000 18265.277344
18036.000000 18204.089844
18071.000000 18251.822266
17841.000000 18387.296875
17773.000000 18241.458984
17981.000000 18248.994141
18357.000000 18530.810547
18827.000000 18903.052734
18867.000000 19232.564453
18516.000000 18902.509766
17902.000000 18176.679688
17164.000000 17355.427734
16230.000000 16614.751953
14278.000000 15821.899414
14267.000000 14123.868164
14269.000000 14289.388672
14313.000000 14697.342773
14634.000000 15101.089844
15669.000000 15656.594727
17469.000000 16858.912109
18007.000000 18833.382812
17572.000000 18929.152344
17282.000000 17970.037109
16978.000000 17458.123047
16593.000000 17052.285156
16400.000000 16661.822266
16380.000000 16538.375000
16107.000000 16658.117188
16021.000000 16525.339844
15977.000000 16528.453125
16246.000000 16500.322266
16928.000000 16721.267578
17370.000000 17340.628906
17360.000000 17593.371094
16812.000000 17336.464844
15965.000000 16616.738281
15042.000000 15760.538086
15702.000000 14947.687500
15453.000000 15795.571289
15462.000000 15848.921875
15659.000000 16062.115234
15753.000000 16415.115234
16088.000000 16545.878906
16629.000000 16832.099609
16910.000000 17280.212891
17124.000000 17371.111328
16897.000000 17408.929688
16236.000000 17007.685547
15651.000000 16241.182617
15271.000000 15654.669922
14873.000000 15349.965820
14556.000000 15082.783203
14406.000000 14908.864258
14373.000000 14889.955078
14636.000000 14947.373047
15552.000000 15247.262695
16186.000000 16211.553711
16171.000000 16775.492188
15817.000000 16536.822266
15252.000000 16009.336914
14583.000000 15370.573242
16046.000000 14716.269531
15671.000000 16306.882812
15520.000000 16142.404297
15536.000000 16046.727539
15740.000000 16089.392578
16089.000000 16296.150391
16706.000000 16618.095703
17277.000000 17196.294922
17657.000000 17671.863281
17760.000000 17898.710938
17496.000000 17838.359375
17215.000000 17442.312500
16532.000000 17132.208984
16181.000000 16458.091797
15760.000000 16192.391602
15607.000000 15900.742188
15813.000000 15895.773438
16181.000000 16269.864258
17105.000000 16763.826172
17490.000000 17800.599609
17560.000000 18036.242188
17271.000000 17864.830078
16790.000000 17359.255859
16238.000000 16777.914062
18627.000000 16232.798828
18493.000000 19090.666016
18423.000000 19013.634766
18268.000000 18951.166016
18532.000000 18728.630859
19150.000000 18980.691406
20570.000000 19639.744141
21216.000000 21274.388672
21014.000000 21721.755859
20639.000000 21094.912109
20267.000000 20455.529297
19830.000000 19957.357422
19536.000000 19494.152344
19310.000000 19295.289062
19145.000000 19220.998047
19020.000000 19222.210938
19088.000000 19231.935547
19087.000000 19412.458984
19437.000000 19416.964844
19378.000000 19810.898438
19075.000000 19614.296875
18490.000000 19178.904297
17592.000000 18496.789062
16632.000000 17563.125000
19261.000000 16659.513672
18915.000000 19986.203125
18836.000000 19601.660156
19003.000000 19512.351562
19195.000000 19640.367188
20202.000000 19742.207031
21618.000000 20868.412109
22153.000000 22444.496094
21845.000000 22701.974609
21350.000000 21997.373047
20944.000000 21282.833984
20490.000000 20796.951172
20134.000000 20329.988281
19626.000000 20048.248047
19300.000000 19607.923828
18958.000000 19387.812500
19029.000000 19101.140625
19481.000000 19264.945312
20518.000000 19815.890625
21275.000000 21023.224609
21165.000000 21694.878906
20840.000000 21247.791016
20153.000000 20801.400391
19177.000000 20043.703125
17708.000000 19080.171875
17496.000000 17653.015625
17455.000000 17649.949219
17578.000000 17923.337891
17982.000000 18326.703125
18983.000000 18906.818359
20484.000000 20023.476562
21103.000000 21548.804688
21145.000000 21620.558594
21164.000000 21195.345703
21005.000000 21058.308594
20749.000000 20861.828125
20522.000000 20677.599609
20468.000000 20584.832031
20363.000000 20721.308594
20284.000000 20782.751953
20507.000000 20816.886719
20933.000000 21126.007812
21776.000000 21533.255859
22314.000000 22328.625000
22123.000000 22535.578125
21662.000000 21851.041016
20772.000000 21154.835938
19909.000000 20157.306641
16678.000000 19408.541016
16282.000000 16184.191406
16132.000000 16005.679688
16094.000000 16330.716797
16367.000000 16772.103516
17225.000000 17398.421875
18651.000000 18468.933594
19261.000000 19962.785156
19156.000000 20061.427734
19182.000000 19423.226562
19371.000000 19292.576172
19160.000000 19502.617188
19102.000000 19326.056641
18991.000000 19390.369141
18858.000000 19401.248047
18764.000000 19380.035156
18961.000000 19369.781250
19304.000000 19635.861328
20096.000000 19953.695312
20590.000000 20691.841797
20426.000000 20863.699219
20029.000000 20212.689453
19304.000000 19545.078125
18322.000000 18711.441406
16453.000000 17789.951172
16152.000000 16055.120117
16141.000000 16008.931641
16234.000000 16403.460938
16666.000000 16896.921875
17619.000000 17635.777344
19258.000000 18794.783203
19916.000000 20585.978516
19967.000000 20746.531250
19705.000000 20294.310547
19746.000000 19732.941406
19401.000000 19752.306641
19271.000000 19392.011719
18953.000000 19371.718750
18441.000000 19163.884766
18217.000000 18737.257812
18190.000000 18622.119141
18474.000000 18685.386719
19286.000000 19009.648438
19699.000000 19850.705078
19572.000000 19985.630859
19164.000000 19462.537109
18348.000000 18821.453125
17314.000000 17919.304688
16385.000000 16970.619141
16248.000000 16234.339844
16210.000000 16370.606445
16241.000000 16672.501953
16433.000000 16992.375000
16826.000000 17359.304688
17283.000000 17791.076172
17810.000000 18134.960938
18196.000000 18469.505859
18146.000000 18623.857422
17667.000000 18336.843750
17249.000000 17707.062500
17049.000000 17279.410156
16874.000000 17159.763672
16648.000000 17112.472656
16579.000000 17018.322266
16780.000000 17068.820312
17193.000000 17371.310547
18055.000000 17830.095703
18660.000000 18719.080078
18489.000000 19152.609375
18215.000000 18603.056641
17493.000000 18124.558594
16860.000000 17276.056641
16378.000000 16680.662109
15909.000000 16326.140625
15730.000000 16035.678711
15580.000000 16064.591797
15743.000000 16109.586914
16072.000000 16416.349609
16624.000000 16805.685547
17323.000000 17330.054688
17853.000000 17935.861328
18279.000000 18294.613281
18309.000000 18580.867188
18085.000000 18479.017578
17701.000000 18198.052734
17413.000000 17813.386719
16994.000000 17580.007812
16887.000000 17232.406250
16836.000000 17234.583984
17111.000000 17293.876953
18005.000000 17658.103516
18455.000000 18667.033203
18379.000000 18947.929688
18151.000000 18518.261719
17495.000000 18040.234375
16982.000000 17223.343750
17952.000000 16746.488281
17453.000000 18025.458984
17185.000000 17652.949219
17190.000000 17522.318359
17355.000000 17666.539062
18064.000000 17947.363281
19297.000000 18806.013672
20113.000000 20216.000000
20243.000000 20891.212891
20271.000000 20621.093750
20239.000000 20380.378906
20073.000000 20188.164062
19716.000000 19952.513672
19418.000000 19589.642578
19084.000000 19370.371094
18782.000000 19138.384766
18873.000000 18945.589844
18881.000000 19194.212891
19422.000000 19254.826172
19367.000000 19891.751953
19037.000000 19626.650391
18587.000000 19066.392578
17865.000000 18473.916016
16999.000000 17686.685547
18682.000000 16867.759766
18505.000000 19060.640625
18503.000000 18991.589844
18599.000000 19092.214844
19086.000000 19232.126953
20083.000000 19789.033203
21846.000000 20918.115234
22565.000000 22954.273438
22224.000000 23318.951172
21625.000000 22431.406250
21185.000000 21524.220703
20784.000000 20970.777344
20348.000000 20555.164062
20050.000000 20177.591797
19828.000000 20014.533203
19786.000000 19934.556641
20102.000000 20016.873047
20533.000000 20450.445312
21363.000000 20888.769531
21540.000000 21761.156250
21269.000000 21643.419922
20669.000000 21141.445312
19737.000000 20430.941406
18742.000000 19485.898438
18429.000000 18588.029297
18109.000000 18515.902344
17945.000000 18449.869141
17874.000000 18520.117188
18134.000000 18597.703125
19160.000000 18933.833984
20665.000000 20086.531250
21180.000000 21670.332031
21010.000000 21689.644531
20696.000000 21080.695312
20396.000000 20594.625000
20022.000000 20286.316406
19793.000000 19978.695312
19670.000000 19897.857422
19485.000000 19961.185547
19238.000000 19927.617188
19301.000000 19745.353516
19845.000000 19846.335938
20759.000000 20428.515625
21237.000000 21331.142578
21243.000000 21492.513672
20805.000000 21142.380859
20082.000000 20462.753906
19156.000000 19678.164062
17407.000000 18816.861328
17134.000000 17146.888672
17123.000000 17123.214844
17280.000000 17492.970703
17582.000000 18013.328125
18657.000000 18536.296875
20387.000000 19801.957031
21070.000000 21662.751953
21025.000000 21753.302734
20857.000000 21153.310547
20788.000000 20759.187500
20537.000000 20680.517578
20311.000000 20478.275391
20161.000000 20378.480469
19927.000000 20394.683594
19718.000000 20305.050781
19788.000000 20198.246094
20283.000000 20345.068359
21349.000000 20890.613281
21665.000000 22002.982422
21465.000000 21855.740234
21068.000000 21203.304688
20238.000000 20584.480469
19201.000000 19657.818359
14315.000000 18706.250000
14136.000000 14039.182617
14107.000000 13760.604492
14219.000000 14261.623047
14546.000000 14999.035156
15507.000000 15789.401367
16722.000000 16982.279297
17867.000000 18124.187500
18176.000000 18912.283203
18618.000000 18657.208984
18767.000000 18932.140625
18841.000000 19008.351562
18859.000000 19130.531250
18867.000000 19217.640625
18587.000000 19302.669922
18411.000000 19070.519531
18420.000000 18941.515625
18776.000000 18997.003906
19910.000000 19371.707031
20118.000000 20567.986328
20023.000000 20262.468750
19579.000000 19666.611328
18834.000000 18866.166016
18010.000000 18013.087891
14870.000000 17316.119141
14532.000000 14410.821289
14369.000000 14234.778320
14366.000000 14526.395508
14400.000000 15022.924805
14536.000000 15440.817383
14779.000000 15726.646484
15424.000000 15893.053711
15929.000000 16374.385742
16232.000000 16638.214844
16200.000000 16727.816406
16092.000000 16557.687500
15968.000000 16415.167969
15805.000000 16313.162109
15534.000000 16198.536133
15252.000000 15983.463867
15477.000000 15750.373047
15728.000000 16039.527344
16310.000000 16352.149414
16417.000000 16930.333984
16272.000000 16830.123047
15763.000000 16391.914062
15328.000000 15632.094727
14813.000000 15106.257812
16069.000000 14631.555664
15835.000000 16109.000000
15788.000000 16095.480469
15811.000000 16186.915039
15989.000000 16308.803711
16452.000000 16555.126953
17100.000000 17079.474609
17579.000000 17769.601562
17964.000000 18188.210938
17863.000000 18445.544922
17497.000000 18121.025391
16914.000000 17567.068359
16445.000000 16864.943359
15933.000000 16380.447266
15620.000000 15921.762695
15395.000000 15716.822266
15277.000000 15626.827148
15718.000000 15626.785156
16663.000000 16194.018555
16978.000000 17290.218750
16894.000000 17507.810547
16621.000000 17227.300781
16090.000000 16808.248047
15425.000000 16204.000977
17703.000000 15549.541992
17254.000000 18176.957031
17156.000000 17803.871094
17298.000000 17712.703125
17487.000000 17845.498047
18263.000000 17993.964844
19580.000000 18812.000000
20139.000000 20259.849609
19854.000000 20598.458984
19455.000000 19911.136719
19016.000000 19282.857422
18615.000000 18734.607422
18287.000000 18342.632812
18003.000000 18116.750000
17765.000000 17983.566406
17524.000000 17903.177734
17420.000000 17778.382812
17630.000000 17750.644531
18413.000000 18027.593750
18484.000000 18934.972656
18357.000000 18835.925781
18046.000000 18559.558594
17367.000000 18147.914062
16536.000000 17412.439453
19037.000000 16609.884766
18694.000000 19692.376953
18642.000000 19336.220703
18785.000000 19286.701172
19037.000000 19396.593750
20015.000000 19586.263672
21545.000000 20660.070312
22322.000000 22372.390625
21925.000000 22894.316406
21206.000000 21957.683594
20799.000000 20944.046875
20184.000000 20482.523438
19504.000000 19845.667969
19061.000000 19230.423828
18694.000000 18950.025391
18374.000000 18760.367188
18371.000000 18574.322266
18732.000000 18689.068359
19876.000000 19145.367188
20320.000000 20495.556641
20183.000000 20718.826172
19815.000000 20304.062500
19147.000000 19807.878906
18283.000000 19095.787109
17150.000000 18275.699219
16891.000000 17225.734375
16812.000000 17152.320312
16982.000000 17338.619141
17331.000000 17759.326172
18249.000000 18251.716797
19694.000000 19253.664062
20512.000000 20726.621094
20724.000000 21131.437500
20764.000000 20884.748047
20578.000000 20709.509766
20362.000000 20440.990234
20196.000000 20276.195312
20177.000000 20229.501953
19915.000000 20387.734375
19870.000000 20248.292969
20099.000000 20332.212891
20505.000000 20667.306641
21392.000000 21073.853516
21477.000000 21953.265625
21402.000000 21559.296875
21159.000000 21164.277344
20370.000000 20734.619141
19565.000000 19825.048828
18838.000000 19121.281250
18458.000000 18589.328125
18325.000000 18489.353516
18422.000000 18670.339844
18681.000000 19061.171875
19477.000000 19511.919922
20869.000000 20464.580078
21624.000000 21988.894531
21530.000000 22370.765625
21476.000000 21728.904297
21335.000000 21479.353516
21221.000000 21252.085938
20913.000000 21186.759766
20659.000000 20942.775391
20157.000000 20811.740234
19848.000000 20378.556641
19774.000000 20166.630859
20050.000000 20186.308594
20630.000000 20541.259766
20526.000000 21139.583984
20231.000000 20675.177734
19656.000000 20098.351562
18857.000000 19326.789062
17734.000000 18483.060547
19134.000000 17424.794922
18960.000000 19377.285156
18900.000000 19401.814453
18992.000000 19509.261719
19499.000000 19705.750000
20483.000000 20320.978516
22038.000000 21432.916016
22976.000000 23158.974609
22788.000000 23807.267578
22473.000000 23022.576172
21998.000000 22438.951172
21450.000000 21791.343750
20979.000000 21192.697266
20766.000000 20784.078125
20373.000000 20741.232422
20099.000000 20466.685547
20195.000000 20296.978516
20813.000000 20507.693359
21833.000000 21260.140625
21920.000000 22368.714844
21892.000000 22020.605469
21289.000000 21794.962891
20464.000000 20970.634766
19498.000000 20132.580078
15290.000000 19254.892578
15022.000000 15095.545898
14934.000000 14834.500000
14918.000000 15236.441406
15088.000000 15736.144531
15435.000000 16235.947266
15842.000000 16630.658203
16591.000000 16825.191406
17254.000000 17334.839844
17718.000000 17761.968750
18015.000000 18094.119141
17978.000000 18381.761719
18088.000000 18371.548828
17978.000000 18560.988281
17868.000000 18499.812500
17804.000000 18428.470703
18134.000000 18401.855469
19101.000000 18803.933594
20576.000000 19913.306641
21118.000000 21495.662109
21113.000000 21506.082031
20760.000000 20895.699219
20120.000000 20122.117188
19629.000000 19301.232422
15673.000000 18901.919922
15356.000000 14979.877930
15179.000000 14777.238281
15025.000000 15089.100586
15089.000000 15479.005859
15412.000000 15970.782227
16019.000000 16509.755859
16666.000000 17103.066406
17011.000000 17534.140625
17126.000000 17551.123047
16953.000000 17438.849609
16710.000000 17171.224609
16362.000000 16956.630859
16019.000000 16679.949219
15816.000000 16424.095703
15603.000000 16322.801758
15691.000000 16219.408203
16019.000000 16400.566406
17007.000000 16783.759766
17224.000000 17815.230469
17084.000000 17726.302734
16855.000000 17185.490234
16460.000000 16684.095703
15847.000000 16171.851562
16615.000000 15588.036133
16250.000000 16575.863281
16153.000000 16423.158203
16181.000000 16502.363281
16491.000000 16686.111328
17453.000000 17129.746094
18909.000000 18267.964844
19825.000000 19914.951172
19685.000000 20650.107422
19369.000000 19980.330078
18940.000000 19340.863281
18364.000000 18725.847656
17994.000000 18086.367188
17584.000000 17791.240234
17205.000000 17519.228516
16884.000000 17306.566406
16788.000000 17140.041016
17087.000000 17169.042969
17991.000000 17571.375000
18112.000000 18601.113281
18036.000000 18489.312500
17913.000000 18195.644531
17105.000000 17955.775391
16316.000000 17046.142578
15283.000000 16311.334961
15039.000000 15391.311523
14952.000000 15296.885742
14987.000000 15449.724609
15393.000000 15710.463867
16304.000000 16283.405273
18109.000000 17310.343750
19226.000000 19287.736328
19282.000000 20117.007812
19225.000000 19597.630859
19220.000000 19264.453125
19022.000000 19156.292969
18990.000000 18936.429688
18812.000000 18993.654297
18596.000000 18928.283203
18277.000000 18832.171875
18412.000000 18592.796875
18799.000000 18830.173828
19641.000000 19272.341797
19775.000000 20139.769531
19585.000000 19903.603516
19254.000000 19370.722656
18349.000000 18860.248047
17290.000000 17861.423828
14556.000000 16902.787109
14063.000000 14381.824219
13808.000000 14004.744141
13661.000000 14128.152344
13789.000000 14396.249023
14664.000000 14833.197266
16171.000000 15909.166016
17191.000000 17534.123047
17149.000000 18275.169922
17200.000000 17676.333984
17384.000000 17493.201172
17406.000000 17602.126953
17340.000000 17630.597656
17294.000000 17616.007812
17122.000000 17644.494141
16872.000000 17549.013672
16905.000000 17349.148438
17081.000000 17420.755859
17913.000000 17586.810547
17991.000000 18423.779297
17855.000000 18168.564453
17623.000000 17688.779297
16805.000000 17245.541016
15868.000000 16321.186523
14597.000000 15478.701172
14150.000000 14415.204102
13925.000000 14186.357422
13828.000000 14270.964844
14070.000000 14487.737305
14998.000000 14975.944336
16605.000000 16103.677734
17589.000000 17897.291016
17475.000000 18663.195312
17392.000000 18007.888672
17374.000000 17640.494141
17186.000000 17481.882812
17078.000000 17248.650391
17032.000000 17179.042969
16879.000000 17227.970703
16649.000000 17185.441406
16981.000000 17033.130859
17338.000000 17461.464844
17840.000000 17843.876953
17943.000000 18262.523438
17735.000000 18090.550781
17130.000000 17599.082031
16192.000000 16804.787109
15352.000000 15839.366211
15451.000000 15120.957031
15113.000000 15437.012695
14881.000000 15389.261719
15044.000000 15389.004883
15219.000000 15747.695312
16180.000000 16042.337891
17761.000000 17115.187500
18739.000000 18848.625000
18751.000000 19627.046875
18524.000000 19178.261719
18512.000000 18669.703125
18256.000000 18555.277344
18074.000000 18249.841797
17838.000000 18109.257812
17655.000000 17957.726562
17401.000000 17883.285156
17455.000000 17707.884766
17884.000000 17827.347656
18441.000000 18309.472656
18463.000000 18825.179688
18054.000000 18570.000000
17621.000000 17884.160156
16612.000000 17353.998047
15537.000000 16324.301758
15958.000000 15376.004883
15685.000000 16036.078125
15543.000000 16072.324219
15556.000000 16152.116211
15600.000000 16319.393555
15899.000000 16415.699219
16354.000000 16696.037109
16904.000000 17079.384766
17201.000000 17525.595703
17125.000000 17661.080078
16787.000000 17413.652344
16353.000000 16962.140625
16076.000000 16487.957031
15730.000000 16240.454102
15643.000000 15966.673828
15675.000000 15981.488281
15823.000000 16129.073242
16557.000000 16353.871094
17268.000000 17171.390625
17225.000000 17864.273438
17248.000000 17544.083984
16988.000000 17378.265625
16731.000000 16973.328125
16051.000000 16691.666016
16714.000000 16038.311523
16392.000000 16879.980469
16206.000000 16715.853516
16178.000000 16626.142578
16362.000000 16672.281250
16655.000000 16905.537109
17289.000000 17200.871094
18059.000000 17833.027344
18556.000000 18569.789062
18710.000000 18924.515625
18531.000000 18898.759766
17905.000000 18574.119141
17371.000000 17845.451172
16859.000000 17322.136719
16240.000000 16882.039062
15974.000000 16367.885742
16006.000000 16243.009766
16509.000000 16443.910156
17569.000000 17117.625000
17737.000000 18342.593750
17660.000000 18253.613281
17389.000000 17887.589844
17084.000000 17408.634766
16504.000000 17039.849609
17504.000000 16481.796875
17060.000000 17740.042969
17006.000000 17421.740234
17014.000000 17482.781250
17083.000000 17579.289062
17772.000000 17685.751953
18717.000000 18459.601562
19639.000000 19462.298828
19757.000000 20305.144531
19779.000000 20036.755859
19779.000000 19812.625000
19573.000000 19681.490234
19466.000000 19413.300781
19312.000000 19366.142578
19182.000000 19310.265625
19035.000000 19303.970703
19107.000000 19263.003906
19483.000000 19445.832031
20005.000000 19930.146484
19882.000000 20486.718750
19589.000000 20100.970703
19142.000000 19589.513672
18380.000000 18993.273438
17488.000000 18149.896484
19001.000000 17292.753906
18728.000000 19310.792969
18664.000000 19123.396484
18730.000000 19161.349609
19220.000000 19282.201172
20206.000000 19862.171875
21766.000000 20992.375000
22544.000000 22766.798828
22203.000000 23267.820312
21701.000000 22395.097656
21374.000000 21644.302734
20767.000000 21240.228516
20312.000000 20570.673828
20053.000000 20184.599609
19680.000000 20074.644531
19559.000000 19811.644531
19644.000000 19809.234375
20153.000000 19966.027344
21017.000000 20550.402344
20976.000000 21466.847656
20658.000000 21047.109375
20107.000000 20523.541016
19238.000000 19882.917969
18332.000000 19015.800781
15839.000000 18223.152344
15730.000000 15808.019531
15975.000000 15851.805664
16492.000000 16523.906250
17061.000000 17462.683594
18298.000000 18231.400391
20207.000000 19558.337891
21314.000000 21513.699219
21259.000000 22091.693359
21061.000000 21392.462891
20847.000000 21014.388672
20539.000000 20774.394531
20131.000000 20509.630859
19698.000000 20183.031250
19383.000000 19868.574219
19121.000000 19711.660156
19272.000000 19581.982422
19981.000000 19841.390625
21328.000000 20620.423828
21592.000000 21994.640625
21489.000000 21582.400391
21124.000000 21043.302734
20397.000000 20486.017578
19572.000000 19761.683594
16142.000000 19117.373047
15826.000000 15803.501953
15685.000000 15634.000977
15509.000000 15969.746094
15692.000000 16288.402344
16469.000000 16827.886719
18046.000000 17802.300781
18908.000000 19468.779297
18929.000000 19813.439453
18788.000000 19182.322266
18814.000000 18766.169922
18642.000000 18787.742188
18609.000000 18690.421875
18478.000000 18811.583984
18255.000000 18836.175781
18120.000000 18750.138672
18257.000000 18732.677734
18774.000000 18969.027344
19040.000000 19544.673828
19053.000000 19601.320312
18627.000000 19224.201172
18011.000000 18368.458984
17321.000000 17515.994141
16316.000000 16800.587891
17244.000000 15908.455078
17244.000000 17211.490234
17267.000000 17550.869141
17509.000000 17820.392578
18045.000000 18245.832031
19109.000000 18912.916016
20808.000000 20119.716797
21873.000000 22012.134766
21436.000000 22812.472656
20644.000000 21672.183594
19973.000000 20523.478516
19231.000000 19706.587891
18723.000000 18921.699219
18205.000000 18510.095703
17876.000000 18154.458984
17748.000000 18024.175781
17950.000000 18074.058594
18648.000000 18400.312500
19482.000000 19190.253906
19430.000000 19979.617188
19200.000000 19525.839844
18769.000000 19107.216797
17803.000000 18617.765625
16886.000000 17663.296875
16547.000000 16878.494141
16042.000000 16740.175781
15994.000000 16465.976562
15884.000000 16650.195312
15999.000000 16713.042969
16258.000000 16879.861328
16569.000000 17066.173828
17156.000000 17196.837891
17586.000000 17627.359375
17897.000000 17888.980469
17590.000000 18103.677734
17394.000000 17696.060547
17155.000000 17531.677734
16888.000000 17361.566406
16514.000000 17184.025391
16346.000000 16894.960938
16509.000000 16813.623047
17328.000000 17076.332031
18497.000000 18042.992188
18924.000000 19314.162109
18951.000000 19419.242188
18650.000000 19056.183594
18198.000000 18461.458984
17685.000000 17895.011719
18069.000000 17411.648438
17613.000000 18026.679688
17506.000000 17728.640625
17434.000000 17805.552734
17493.000000 17890.730469
17792.000000 18052.156250
18228.000000 18403.595703
18849.000000 18813.195312
19313.000000 19363.714844
19551.000000 19660.771484
19643.000000 19717.314453
19401.000000 19699.371094
18993.000000 19378.839844
18563.000000 18969.097656
18360.000000 18597.835938
18166.000000 18521.708984
18260.000000 18461.349609
18737.000000 18708.515625
19171.000000 19347.275391
18940.000000 19790.826172
18673.000000 19264.541016
18338.000000 18762.251953
17818.000000 18264.691406
17164.000000 17667.810547
20460.000000 17038.365234
20310.000000 21272.134766
20448.000000 20869.050781
20594.000000 21034.572266
21036.000000 21104.667969
21968.000000 21544.906250
23531.000000 22592.638672
24465.000000 24410.425781
24242.000000 25172.550781
23726.000000 24420.990234
22784.000000 23588.423828
21930.000000 22357.054688
21177.000000 21419.761719
20615.000000 20701.457031
19918.000000 20280.429688
19457.000000 19698.974609
19731.000000 19387.517578
20463.000000 19926.970703
21347.000000 20899.667969
21337.000000 21878.095703
21105.000000 21514.521484
20798.000000 21122.255859
19914.000000 20784.216797
18914.000000 19848.794922
18579.000000 18923.025391
18283.000000 18798.011719
18170.000000 18725.943359
18115.000000 18832.619141
18486.000000 18913.693359
19512.000000 19373.939453
21081.000000 20499.441406
22106.000000 22131.984375
21904.000000 22773.277344
21791.000000 21902.833984
21575.000000 21648.736328
21373.000000 21383.142578
21191.000000 21261.570312
21051.000000 21219.847656
20905.000000 21253.943359
20896.000000 21266.671875
21079.000000 21390.558594
21819.000000 21641.421875
22912.000000 22468.669922
23069.000000 23547.310547
23137.000000 23124.878906
22678.000000 22897.869141
21840.000000 22146.212891
20972.000000 21221.853516
18003.000000 20460.470703
17770.000000 17422.875000
17777.000000 17501.103516
17869.000000 18020.939453
18258.000000 18584.527344
19103.000000 19297.916016
20730.000000 20291.634766
21807.000000 22026.171875
21614.000000 22641.373047
21195.000000 21690.812500
20798.000000 21039.968750
20310.000000 20634.398438
19948.000000 20226.218750
19564.000000 20022.351562
19129.000000 19817.236328
18989.000000 19553.128906
19178.000000 19595.857422
20060.000000 19933.031250
21179.000000 20964.425781
21318.000000 22016.468750
21250.000000 21488.679688
20882.000000 20998.634766
20007.000000 20379.455078
19181.000000 19420.138672
18763.000000 18744.148438
18284.000000 18596.820312
18150.000000 18399.730469
18076.000000 18584.275391
18350.000000 18776.748047
19190.000000 19246.437500
20665.000000 20237.839844
21484.000000 21825.162109
21278.000000 22208.677734
21208.000000 21341.490234
21052.000000 21081.164062
20856.000000 20851.394531
20552.000000 20718.736328
20403.000000 20529.373047
20118.000000 20564.765625
19860.000000 20426.435547
20061.000000 20281.939453
20572.000000 20632.742188
21141.000000 21234.884766
21165.000000 21716.369141
20893.000000 21339.394531
20367.000000 20715.951172
19444.000000 19971.714844
18631.000000 18957.052734
20306.000000 18261.042969
20197.000000 20611.976562
20174.000000 20636.587891
20400.000000 20757.623047
20681.000000 21090.880859
21388.000000 21378.255859
22593.000000 22142.048828
23299.000000 23455.978516
23381.000000 23916.962891
23041.000000 23618.781250
22397.000000 22974.453125
21706.000000 22133.451172
21014.000000 21391.453125
20431.000000 20743.308594
19938.000000 20286.960938
19561.000000 19953.488281
19711.000000 19726.287109
20641.000000 20076.609375
21814.000000 21291.041016
21918.000000 22574.505859
21756.000000 22170.492188
21310.000000 21726.134766
20325.000000 21109.939453
19450.000000 20032.054688
18515.000000 19266.507812
18387.000000 18479.771484
18459.000000 18640.718750
18583.000000 19051.070312
18890.000000 19418.671875
19346.000000 19823.917969
19914.000000 20206.257812
20639.000000 20575.052734
21182.000000 21102.265625
21195.000000 21418.429688
20769.000000 21195.787109
20537.000000 20651.787109
20215.000000 20504.466797
19825.000000 20280.082031
19510.000000 20006.839844
19208.000000 19827.492188
19482.000000 19632.236328
20620.000000 20076.140625
21798.000000 21499.464844
21823.000000 22686.162109
21868.000000 22061.857422
21494.000000 21785.605469
21182.000000 21110.396484
20580.000000 20790.167969
16972.000000 20230.994141
16610.000000 16477.226562
16431.000000 16287.993164
16325.000000 16549.529297
16503.000000 16901.533203
16924.000000 17431.912109
17524.000000 17995.080078
18283.000000 18495.976562
18836.000000 19024.392578
19123.000000 19267.435547
19301.000000 19337.808594
19200.000000 19472.691406
19020.000000 19392.349609
18824.000000 19290.701172
18616.000000 19186.001953
18457.000000 19070.345703
18621.000000 19001.623047
19394.000000 19276.445312
20187.000000 20214.119141
20298.000000 20976.542969
20144.000000 20626.824219
19897.000000 20020.810547
19462.000000 19483.507812
18953.000000 18921.048828
16735.000000 18464.113281
16533.000000 16250.364258
16402.000000 16296.633789
16496.000000 16544.978516
16799.000000 17024.650391
17738.000000 17640.771484
19151.000000 18842.230469
20121.000000 20410.988281
20150.000000 21100.152344
20046.000000 20548.189453
19894.000000 20155.199219
19297.000000 19879.384766
18888.000000 19209.398438
18520.000000 18869.480469
18161.000000 18622.662109
17818.000000 18413.203125
17999.000000 18206.730469
18887.000000 18551.488281
19657.000000 19652.271484
19707.000000 20357.341797
19521.000000 19942.406250
19237.000000 19388.041016
18632.000000 18918.634766
17776.000000 18260.453125
17249.000000 17488.031250
16817.000000 17164.345703
16618.000000 16975.388672
16721.000000 17040.580078
16954.000000 17406.261719
17901.000000 17817.619141
19409.000000 18934.357422
20301.000000 20573.800781
20314.000000 21122.279297
20315.000000 20572.523438
20356.000000 20327.962891
20093.000000 20286.083984
19907.000000 19993.480469
19669.000000 19897.720703
19380.000000 19777.318359
19237.000000 19609.759766
19368.000000 19596.173828
19945.000000 19851.185547
20288.000000 20545.521484
20145.000000 20739.152344
19813.000000 20219.509766
19252.000000 19589.724609
18287.000000 18850.882812
17453.000000 17830.798828
18572.000000 17131.804688
18278.000000 18731.294922
18287.000000 18654.837891
18408.000000 18869.203125
18850.000000 19117.162109
19817.000000 19653.835938
21474.000000 20745.242188
22449.000000 22610.412109
21938.000000 23299.996094
21450.000000 22093.060547
20864.000000 21372.441406
20085.000000 20641.347656
19441.000000 19809.611328
19112.000000 19242.376953
18790.000000 19100.660156
18753.000000 18972.857422
19034.000000 19122.279297
19869.000000 19536.775391
20594.000000 20491.623047
20511.000000 21084.187500
20289.000000 20558.869141
19784.000000 20137.941406
18876.000000 19542.214844
17922.000000 18644.667969
17793.000000 17817.011719
17487.000000 17943.265625
17433.000000 17900.404297
17330.000000 18091.466797
17754.000000 18123.029297
18731.000000 18639.597656
20266.000000 19686.599609
21196.000000 21276.726562
21093.000000 21832.306641
20837.000000 21165.789062
20721.000000 20708.552734
20354.000000 20589.736328
20120.000000 20251.134766
19953.000000 20149.269531
19685.000000 20152.230469
19509.000000 20025.740234
19714.000000 19957.470703
20637.000000 20264.728516
21398.000000 21346.835938
21439.000000 21951.386719
21275.000000 21487.054688
20752.000000 20997.693359
19984.000000 20266.873047
19114.000000 19481.763672
15714.000000 18733.285156
15548.000000 15414.047852
15701.000000 15376.319336
15794.000000 16026.813477
16228.000000 16611.931641
17245.000000 17366.162109
19133.000000 18548.007812
20243.000000 20568.128906
20173.000000 21173.080078
20176.000000 20403.517578
20160.000000 20237.482422
19935.000000 20191.000000
19794.000000 20002.998047
19784.000000 19968.494141
19748.000000 20112.207031
19588.000000 20236.619141
19826.000000 20163.691406
20615.000000 20477.689453
21195.000000 21332.636719
20989.000000 21646.541016
20765.000000 20824.726562
20286.000000 20261.558594
19393.000000 19587.849609
18455.000000 18670.285156
15169.000000 17906.089844
14828.000000 14823.499023
14759.000000 14639.867188
14720.000000 15050.241211
14735.000000 15507.557617
15064.000000 15835.068359
15521.000000 16255.743164
16157.000000 16595.123047
16691.000000 17017.414062
16910.000000 17311.220703
16807.000000 17337.855469
16536.000000 17142.667969
16497.000000 16864.771484
16268.000000 16874.152344
16107.000000 16709.837891
16050.000000 16614.775391
16398.000000 16630.529297
17216.000000 17064.923828
17673.000000 17982.552734
17685.000000 18297.498047
17779.000000 17935.574219
17273.000000 17730.132812
16696.000000 16938.158203
16135.000000 16289.468750
15154.000000 15805.451172
14788.000000 14986.083008
14679.000000 14818.384766
14700.000000 14976.685547
14880.000000 15265.500000
15347.000000 15640.368164
16033.000000 16206.480469
16851.000000 16891.382812
17173.000000 17619.455078
17277.000000 17693.125000
17029.000000 17589.136719
16609.000000 17190.570312
16146.000000 16712.130859
15735.000000 16260.405273
15405.000000 15910.747070
15215.000000 15682.007812
15476.000000 15613.434570
16284.000000 16007.958984
17105.000000 16969.583984
17147.000000 17805.814453
17109.000000 17521.070312
16821.000000 17201.308594
16333.000000 16716.322266
15725.000000 16171.603516
14915.000000 15623.004883
14473.000000 14943.053711
14166.000000 14656.092773
14198.000000 14552.061523
14391.000000 14788.275391
15224.000000 15154.836914
16900.000000 16113.596680
17985.000000 17964.607422
17998.000000 18862.650391
18059.000000 18362.240234
18184.000000 18175.132812
18122.000000 18194.478516
18117.000000 18112.404297
18089.000000 18174.349609
17887.000000 18251.892578
17563.000000 18146.591797
17732.000000 17880.535156
18297.000000 18139.568359
18440.000000 18808.902344
18198.000000 18803.337891
17995.000000 18250.556641
17705.000000 17824.494141
16937.000000 17407.794922
15886.000000 16590.070312
15654.000000 15625.948242
15399.000000 15599.440430
15327.000000 15613.477539
15394.000000 15804.738281
15803.000000 16093.219727
16618.000000 16667.294922
18198.000000 17601.212891
19242.000000 19352.279297
18986.000000 20218.283203
18794.000000 19408.765625
18629.000000 18972.392578
18328.000000 18671.828125
18172.000000 18318.535156
18119.000000 18210.058594
18005.000000 18271.125000
17934.000000 18274.267578
18174.000000 18285.078125
18890.000000 18590.742188
19066.000000 19379.630859
18914.000000 19329.691406
18763.000000 18887.234375
17888.000000 18574.617188
16877.000000 17535.849609
15746.000000 16560.927734
13712.000000 15571.473633
13129.000000 13784.808594
13018.000000 13336.387695
12882.000000 13536.315430
13322.000000 13742.278320
14232.000000 14391.265625
15982.000000 15412.169922
17199.000000 17249.568359
17106.000000 18230.492188
16952.000000 17616.339844
16955.000000 17258.234375
16861.000000 17189.945312
16637.000000 17089.013672
16538.000000 16894.443359
16171.000000 16857.732422
16047.000000 16574.365234
16265.000000 16517.427734
17164.000000 16803.890625
18136.000000 17785.050781
18259.000000 18673.562500
18324.000000 18303.671875
18024.000000 18025.705078
17194.000000 17508.126953
16321.000000 16643.408203
13938.000000 15922.790039
13480.000000 13836.503906
13303.000000 13464.527344
13374.000000 13629.166016
13682.000000 14107.358398
14582.000000 14744.192383
16425.000000 15823.512695
17461.000000 17808.339844
17450.000000 18469.074219
17231.000000 17846.154297
17080.000000 17328.978516
16716.000000 17089.962891
16494.000000 16736.900391
16560.000000 16589.744141
16328.000000 16792.753906
16175.000000 16733.574219
16329.000000 16707.796875
17093.000000 16953.203125
17534.000000 17798.417969
17428.000000 18063.517578
17257.000000 17533.542969
16600.000000 17042.656250
15663.000000 16177.629883
14590.000000 15247.828125
13896.000000 14337.902344
13594.000000 13864.454102
13510.000000 13828.075195
13532.000000 14052.726562
13854.000000 14350.560547
14755.000000 14843.639648
16498.000000 15838.832031
17518.000000 17704.486328
17207.000000 18481.210938
17079.000000 17624.750000
16955.000000 17265.242188
16767.000000 17020.607422
16556.000000 16810.220703
16386.000000 16644.843750
16166.000000 16569.337891
15864.000000 16465.093750
15870.000000 16246.331055
16622.000000 16298.227539
17259.000000 17133.857422
17211.000000 17712.074219
16865.000000 17333.121094
16353.000000 16708.117188
15529.000000 16073.689453
14593.000000 15274.689453
14902.000000 14485.825195
14403.000000 14981.632812
14164.000000 14791.598633
14099.000000 14756.228516
13974.000000 14852.536133
14011.000000 14804.312500
14321.000000 14818.636719
14877.000000 15056.597656
15309.000000 15528.020508
15652.000000 15845.945312
15524.000000 16076.917969
15360.000000 15836.032227
15414.000000 15617.261719
15368.000000 15675.826172
15125.000000 15676.786133
15011.000000 15481.915039
15197.000000 15404.717773
16123.000000 15640.695312
16533.000000 16686.058594
16413.000000 17082.396484
16295.000000 16738.601562
15825.000000 16409.269531
15112.000000 15765.282227
14486.000000 14983.696289
17367.000000 14396.524414
16977.000000 17694.341797
16777.000000 17417.228516
16681.000000 17212.837891
16641.000000 17072.566406
16917.000000 16985.283203
17388.000000 17266.457031
17961.000000 17783.667969
18384.000000 18406.658203
18656.000000 18808.345703
18619.000000 18998.574219
18282.000000 18818.656250
17993.000000 18335.234375
17624.000000 17983.738281
17469.000000 17599.005859
17311.000000 17506.851562
17589.000000 17433.964844
18261.000000 17859.458984
18268.000000 18718.064453
17841.000000 18648.910156
17583.000000 18040.335938
17150.000000 17696.404297
16434.000000 17201.916016
15671.000000 16468.843750
20048.000000 15757.280273
19703.000000 21204.488281
19582.000000 20455.841797
19630.000000 20191.404297
19985.000000 20062.626953
20827.000000 20337.605469
22093.000000 21252.498047
22943.000000 22705.009766
22714.000000 23517.333984
22159.000000 22909.759766
21448.000000 22094.441406
20507.000000 21199.681641
19822.000000 20132.160156
19241.000000 19478.589844
18733.000000 18998.904297
18378.000000 18615.042969
18666.000000 18383.435547
19651.000000 18878.949219
20175.000000 20146.634766
20018.000000 20602.039062
19961.000000 20181.167969
19524.000000 20083.626953
18889.000000 19584.904297
18085.000000 18981.240234
19743.000000 18247.376953
19479.000000 20440.105469
19432.000000 20232.470703
19428.000000 20209.718750
19738.000000 20140.423828
20415.000000 20384.794922
21761.000000 21021.527344
22565.000000 22466.605469
22423.000000 23008.525391
22247.000000 22397.947266
21893.000000 22067.810547
21429.000000 21627.328125
21066.000000 21177.156250
20691.000000 20927.324219
20313.000000 20690.318359
20066.000000 20446.570312
20271.000000 20323.054688
21519.000000 20686.847656
22404.000000 22284.458984
22583.000000 23060.564453
22501.000000 22792.585938
22167.000000 22409.558594
21428.000000 21898.570312
20472.000000 21074.716797
17751.000000 20163.228516
17611.000000 17379.970703
17706.000000 17494.443359
17842.000000 18062.896484
18240.000000 18613.011719
19244.000000 19262.705078
20515.000000 20406.322266
21553.000000 21588.126953
21966.000000 22253.427734
22134.000000 22184.148438
22086.000000 22151.304688
21846.000000 22057.876953
21600.000000 21861.798828
21371.000000 21719.552734
21292.000000 21619.306641
21160.000000 21709.441406
21283.000000 21692.826172
22489.000000 21901.978516
23151.000000 23384.964844
23156.000000 23727.197266
22827.000000 23108.365234
22325.000000 22308.320312
21540.000000 21582.916016
20445.000000 20755.310547
14755.000000 19761.738281
14475.000000 14244.924805
14217.000000 13908.754883
14149.000000 14265.652344
14254.000000 14881.834961
14625.000000 15503.091797
15001.000000 16058.674805
15337.000000 16256.211914
15656.000000 16234.257812
16152.000000 16253.013672
16662.000000 16638.685547
16982.000000 17173.492188
17128.000000 17572.576172
17188.000000 17790.679688
17128.000000 17888.503906
17278.000000 17828.087891
17568.000000 17978.957031
18814.000000 18281.638672
19348.000000 19675.945312
19403.000000 20016.474609
19270.000000 19596.828125
18945.000000 19009.871094
18593.000000 18355.865234
