13600.000000 13715.743214
12722.000000 12655.481022
12263.000000 12011.363331
12013.000000 11886.696906
11743.000000 12109.438640
12010.000000 12322.425211
12052.000000 12522.566162
12549.000000 12929.641961
13337.000000 13523.304225
14211.000000 14479.749034
15039.000000 15231.217408
15699.000000 15996.781320
16200.000000 16442.760619
16512.000000 16785.827903
16660.000000 16970.710412
16809.000000 17095.366601
16739.000000 17244.229068
16556.000000 17259.134520
16177.000000 16830.334243
15783.000000 16276.784481
15724.000000 15762.233606
15715.000000 15546.220228
14893.000000 15631.067716
13790.000000 14901.145592
14758.000000 14019.343030
13850.000000 13903.857876
13390.000000 13315.400528
13143.000000 12901.324092
13099.000000 13011.509807
13678.000000 13325.775255
14623.000000 14049.398317
15751.000000 14888.824695
16494.000000 15867.720652
17062.000000 16909.178262
17729.000000 17678.340818
18250.000000 18440.951870
18608.000000 18755.925275
18985.000000 18782.093775
19063.000000 18761.653294
19136.000000 18885.576674
18969.000000 18854.704214
18862.000000 18641.290940
18372.000000 18482.213546
17626.000000 18029.195351
17236.000000 17423.873331
17255.000000 16831.079013
16233.000000 16638.409959
14751.000000 15837.561138
14534.000000 14461.638180
13786.000000 14011.527128
13304.000000 13387.877526
13104.000000 13033.873757
13066.000000 13269.032802
13729.000000 13620.786328
14920.000000 14997.132160
15857.000000 16027.540175
16453.000000 16802.410398
16969.000000 17299.821733
17792.000000 17720.334364
18366.000000 18462.691473
18980.000000 19151.969133
19425.000000 19635.026268
19841.000000 19874.576356
19855.000000 20162.660430
20150.000000 20062.232501
19934.000000 20296.052903
19715.000000 19969.056611
19129.000000 19322.492590
18915.000000 18670.596197
19014.000000 18335.062904
18080.000000 18058.299189
15984.000000 16904.916918
14095.000000 14544.092364
13426.000000 13582.996148
12828.000000 13153.506588
12650.000000 12938.263199
12816.000000 12822.071446
13470.000000 13012.532282
14711.000000 14061.355176
15734.000000 15138.325472
16174.000000 16302.678965
16812.000000 16908.282341
17444.000000 17369.629366
18060.000000 17912.614985
18675.000000 18743.231469
19206.000000 19247.602782
19406.000000 19654.927043
19536.000000 19690.036545
19610.000000 19903.236489
19489.000000 19993.354074
19259.000000 19958.075964
18878.000000 19524.483793
18795.000000 18936.055677
18814.000000 18422.855037
17540.000000 17981.320994
15708.000000 16150.276214
13560.000000 13815.014524
12959.000000 12663.632468
12599.000000 12522.970323
12363.000000 12857.097120
12525.000000 12913.543241
13263.000000 13109.648991
14361.000000 13945.012383
15318.000000 15040.658188
15736.000000 15896.170395
16231.000000 16415.072376
16775.000000 16620.341624
17268.000000 17208.704013
17644.000000 17932.804101
18242.000000 18312.189580
18455.000000 18630.766682
18588.000000 18920.374492
18904.000000 19023.714296
18916.000000 19443.331429
18616.000000 19391.732692
18245.000000 18927.713132
17992.000000 18235.210601
18201.000000 17496.737306
16995.000000 17158.077747
15416.000000 15765.564919
12362.000000 13929.242588
11926.000000 11631.301885
11788.000000 11527.093929
11818.000000 12053.183922
12017.000000 12357.817888
12824.000000 12765.425781
14197.000000 13461.766877
15080.000000 14874.040411
15499.000000 15764.371096
15634.000000 16120.250333
16014.000000 16248.274151
16186.000000 16484.160579
16527.000000 16781.575938
16774.000000 17242.388317
16983.000000 17555.197541
17183.000000 17637.254091
17288.000000 17957.851219
17353.000000 18159.306464
17231.000000 18083.983656
16952.000000 17666.885699
16899.000000 16978.363434
17260.000000 16609.438751
16100.000000 16548.608098
14611.000000 14963.880955
11943.000000 12976.831781
11543.000000 11103.755198
11255.000000 11236.081574
11184.000000 12001.140685
11234.000000 12123.140353
11452.000000 12455.083597
11631.000000 12670.993747
11901.000000 13004.788221
12626.000000 13140.112145
13172.000000 13539.278899
13264.000000 13889.416658
13392.000000 13969.335206
13703.000000 14346.321232
13752.000000 14757.180918
13781.000000 15123.665645
13967.000000 15096.627853
14111.000000 15382.375486
14334.000000 15610.821876
14302.000000 15624.177016
14314.000000 15330.282523
14629.000000 15046.364061
14886.000000 14874.367771
14207.000000 14778.259554
13236.000000 13707.696387
12890.000000 12833.445985
12436.000000 12178.449748
12193.000000 12119.892331
12161.000000 12497.039768
12238.000000 12710.300235
12579.000000 12830.961592
12951.000000 12634.258492
13596.000000 13307.011161
14125.000000 14173.855416
14324.000000 14776.201931
14321.000000 14571.741218
14135.000000 14555.291543
13911.000000 14307.409662
13733.000000 14024.144747
13575.000000 13894.403432
13620.000000 13949.274705
13693.000000 14292.921843
13836.000000 14326.954913
13699.000000 14364.969742
13694.000000 14289.516288
13911.000000 14139.438303
14070.000000 14030.655060
13599.000000 14257.203984
12772.000000 13802.131296
13128.000000 13415.247364
12696.000000 12740.403278
12431.000000 12617.995322
12379.000000 12734.255371
12725.000000 13097.896310
13484.000000 13803.503006
14806.000000 14583.499274
15670.000000 15754.528886
15798.000000 16262.221208
15889.000000 16285.328515
15921.000000 16308.152661
15818.000000 16246.787561
15696.000000 15843.775820
15677.000000 15686.323501
15395.000000 15639.857590
15125.000000 15629.435071
14912.000000 15547.737267
14737.000000 15399.958373
14596.000000 15176.383587
14518.000000 14852.130978
14812.000000 14605.460638
15287.000000 14761.459996
14633.000000 15053.766466
13686.000000 14417.582462
12940.000000 13491.798186
12373.000000 12882.126254
12219.000000 12591.810925
12151.000000 12746.515048
12369.000000 13117.961139
13125.000000 13666.765289
14514.000000 14750.041125
15331.000000 15640.616631
15521.000000 16116.732408
15669.000000 16207.027392
15678.000000 16265.748625
15688.000000 16287.275704
15761.000000 16340.286760
15811.000000 16309.071335
15702.000000 16141.296956
15636.000000 15952.189503
15564.000000 15880.575201
15375.000000 16026.766614
15198.000000 16095.688719
15181.000000 15887.538785
15568.000000 15811.757649
15915.000000 15961.427295
15051.000000 15734.520211
14022.000000 14563.374942
14200.000000 13020.678347
13462.000000 13492.916493
12899.000000 13511.338843
12778.000000 13386.921271
12894.000000 13507.740469
13591.000000 13848.451664
14838.000000 14676.589576
15518.000000 15660.010289
15812.000000 16235.205373
15998.000000 16190.820996
16220.000000 16051.057522
16195.000000 16201.127897
16149.000000 16533.816088
16384.000000 16389.188393
16148.000000 16476.476225
15982.000000 16495.183698
15921.000000 16406.164503
15726.000000 16284.980006
15412.000000 16087.229408
15399.000000 15893.421248
15718.000000 15818.427850
15785.000000 15898.998142
15000.000000 15675.020121
13815.000000 14775.362712
13051.000000 13832.282087
12596.000000 13011.542560
12078.000000 12649.344061
12180.000000 12565.835525
12249.000000 12869.888399
13084.000000 13304.506396
14406.000000 14190.207705
15344.000000 15453.920827
15641.000000 16329.209183
16208.000000 16432.171058
16829.000000 16672.970525
17249.000000 17024.287364
17650.000000 17363.888010
18136.000000 17635.240932
18409.000000 17970.241070
18654.000000 18280.037704
18795.000000 18473.370995
18681.000000 18673.771543
18317.000000 18624.508192
17940.000000 18261.477043
17933.000000 17751.076627
18032.000000 17433.473025
16692.000000 17188.133553
15207.000000 15572.466313
11966.000000 13685.406200
11585.000000 11764.277535
11548.000000 11484.886326
11611.000000 11972.801164
11784.000000 12065.606430
12647.000000 12378.144726
14171.000000 13386.543573
15065.000000 14976.093323
15429.000000 15875.838261
15621.000000 16345.613375
15890.000000 16409.549304
16036.000000 16628.179787
16231.000000 16990.349632
16465.000000 17154.207963
16630.000000 17581.638426
16635.000000 17623.679988
16901.000000 17636.381598
16848.000000 18007.568061
16819.000000 18065.221348
16607.000000 17629.651289
16656.000000 17152.217859
16919.000000 16888.977575
15704.000000 16529.220730
14149.000000 14719.691133
12217.000000 12347.387571
11567.000000 11513.135923
11208.000000 11779.680405
10995.000000 12117.167525
10858.000000 12186.272851
11181.000000 12242.806242
11228.000000 12486.708814
11720.000000 12694.507050
12580.000000 12944.493585
13155.000000 13397.981201
13246.000000 13619.244294
13444.000000 13766.861117
13381.000000 14279.279991
13488.000000 14508.072558
13442.000000 14700.130549
13434.000000 14724.189845
13578.000000 15028.571520
13657.000000 15128.863571
13729.000000 15016.640011
13698.000000 14766.711582
14032.000000 14443.683376
14407.000000 14369.026798
13694.000000 14389.613827
12770.000000 13365.082767
13502.000000 12828.947056
12874.000000 12589.182423
12239.000000 12477.389020
12122.000000 12345.371556
12073.000000 12551.196229
12219.000000 12721.194254
12427.000000 12404.227216
12937.000000 13068.605071
13836.000000 13859.911476
14424.000000 14607.834907
14965.000000 14697.890772
15240.000000 14991.977398
15545.000000 15019.072581
15742.000000 15155.045411
15917.000000 15320.492630
16020.000000 15823.105296
16137.000000 16075.904409
16121.000000 16129.672336
15814.000000 15986.841187
15269.000000 15785.844011
14927.000000 15336.541713
15089.000000 14839.077454
14305.000000 14980.219292
13099.000000 14412.633829
13989.000000 13728.258030
13322.000000 13407.526739
12751.000000 12881.390746
12547.000000 12551.867843
12669.000000 12811.573095
13354.000000 13171.714188
14652.000000 14107.626547
15464.000000 15245.742173
16026.000000 16104.625153
16639.000000 16809.428347
17327.000000 17466.310630
17702.000000 17947.877231
18189.000000 18216.569796
18625.000000 18352.680309
18766.000000 18658.553624
18646.000000 18922.453684
18631.000000 18739.029761
18308.000000 18666.599910
17846.000000 18177.279397
17288.000000 17487.802140
17057.000000 16894.238196
17225.000000 16747.988123
16086.000000 16764.638637
14701.000000 15707.038927
13831.000000 14169.587402
13160.000000 13596.843352
12811.000000 13066.011923
12667.000000 12760.184530
12802.000000 12915.681469
13431.000000 13398.089055
14751.000000 14612.276911
15752.000000 15583.768627
16144.000000 16384.457119
16799.000000 16980.187800
17395.000000 17554.017384
17702.000000 18177.459743
18129.000000 18736.804118
18418.000000 18977.955783
18502.000000 18996.361830
18455.000000 18955.166256
18482.000000 18772.167063
18346.000000 18797.458762
18125.000000 18729.992322
17801.000000 18354.015504
17752.000000 17998.043687
17965.000000 17557.321139
16620.000000 17259.290609
15213.000000 15777.652837
13400.000000 13673.766227
12800.000000 12956.508624
12440.000000 12749.489811
12331.000000 12834.879508
12515.000000 12783.945571
13238.000000 13018.885191
14745.000000 14048.065081
15490.000000 15512.816734
15779.000000 16283.836327
16145.000000 16598.070553
16520.000000 16709.630003
16795.000000 16943.124903
17016.000000 17440.002310
17186.000000 17504.007589
17410.000000 17626.844874
17496.000000 17839.346289
17701.000000 17973.902301
17803.000000 18301.430873
17609.000000 18441.894013
17282.000000 18055.062751
17559.000000 17493.005688
17686.000000 17225.295630
16463.000000 16962.599006
14918.000000 15329.887193
12884.000000 13442.340240
12316.000000 12207.854077
12220.000000 12099.767298
12282.000000 12692.211169
12493.000000 12937.268267
13359.000000 13418.976496
14968.000000 14244.551662
15700.000000 15571.392748
15815.000000 16289.878762
15897.000000 16227.680404
16027.000000 16128.339847
16100.000000 16296.836607
16258.000000 16525.560888
16637.000000 16663.035349
16747.000000 17059.690787
16813.000000 17243.178152
16977.000000 17462.565234
17013.000000 17738.890249
16856.000000 17696.483761
16642.000000 17294.239625
16716.000000 16806.934711
16932.000000 16424.782213
15744.000000 16274.440125
14302.000000 14608.969100
12313.000000 13080.289004
12102.000000 11690.325095
12058.000000 12024.306741
12107.000000 12767.042009
12473.000000 13030.016822
13509.000000 13675.266598
15142.000000 14453.929596
15917.000000 15884.596182
15971.000000 16386.061839
15882.000000 16209.710306
16081.000000 15982.191665
16025.000000 16207.095051
15913.000000 16491.980487
15972.000000 16552.172241
15894.000000 16557.876332
15844.000000 16485.364421
15840.000000 16576.406713
15797.000000 16666.936251
15684.000000 16577.339584
15571.000000 16180.158201
15936.000000 15651.421860
16308.000000 15682.170950
15162.000000 15701.158438
13835.000000 14276.522579
11909.000000 12886.199939
11377.000000 11557.608403
11153.000000 11555.220039
11035.000000 12062.752985
10984.000000 12291.273653
11193.000000 12621.529558
11276.000000 12756.647491
11827.000000 13057.082503
12566.000000 13287.629011
13054.000000 13637.542082
13248.000000 13832.004962
13213.000000 13950.905445
13395.000000 14074.977527
13372.000000 14263.667309
13171.000000 14511.092381
13046.000000 14425.583441
13137.000000 14432.062062
13323.000000 14508.913518
13456.000000 14603.445451
13547.000000 14601.949073
14210.000000 14538.715935
14568.000000 14645.769049
13797.000000 14604.942108
12943.000000 13508.331795
12557.000000 12581.379074
12023.000000 12011.128148
11775.000000 11925.752689
11583.000000 12150.637283
11492.000000 12127.698916
11727.000000 12000.411867
12171.000000 11872.759887
12664.000000 12860.444053
13435.000000 13771.247419
13908.000000 14396.311830
14225.000000 14271.299824
14418.000000 14298.007489
14306.000000 14385.239198
14237.000000 14117.849824
14092.000000 14064.218485
13871.000000 14144.885196
13990.000000 14316.973273
13923.000000 14547.381591
13789.000000 14603.239638
13856.000000 14507.956490
14231.000000 14430.870635
14266.000000 14479.933733
13553.000000 14547.293705
12629.000000 13729.304091
12935.000000 12971.183106
12461.000000 12532.174452
12207.000000 12341.349842
12127.000000 12373.101343
12400.000000 12634.621473
13148.000000 13221.773174
14532.000000 14113.386263
15298.000000 15244.895383
15535.000000 16040.817823
15804.000000 16290.837199
16013.000000 16470.510103
16015.000000 16641.892924
16108.000000 16228.875301
16131.000000 16076.136806
16055.000000 16049.088755
15950.000000 16136.491349
15837.000000 16235.227704
15599.000000 16177.242668
15322.000000 15945.063239
15187.000000 15693.833109
15408.000000 15377.156290
15592.000000 15403.955321
14693.000000 15392.740873
13455.000000 14358.993641
13127.000000 13234.827039
12518.000000 12889.034929
12171.000000 12660.112591
12175.000000 12631.005990
12145.000000 13020.341542
12839.000000 13444.610685
14371.000000 14427.093757
15163.000000 15492.278847
15441.000000 15907.471593
15599.000000 16088.104417
15823.000000 16199.416101
15893.000000 16442.198684
15950.000000 16775.052872
15963.000000 16696.364647
15983.000000 16605.565398
15839.000000 16629.194126
15753.000000 16370.471234
15658.000000 16352.268443
15683.000000 16277.492825
15629.000000 16135.930071
15945.000000 16038.391706
16068.000000 16178.854579
15034.000000 15886.129237
13778.000000 14594.591994
13861.000000 13045.210569
13071.000000 13322.893027
12658.000000 13197.030945
12335.000000 13059.367080
12356.000000 12952.752746
13000.000000 13230.243373
14479.000000 14158.651596
15164.000000 15391.022733
15472.000000 16006.767779
15727.000000 15969.533211
16138.000000 15961.134864
16321.000000 16235.295420
16575.000000 16614.211700
16781.000000 16710.579266
16830.000000 16831.601884
16724.000000 17023.295043
16735.000000 17045.069347
16557.000000 17124.884375
16285.000000 17068.129444
16258.000000 16651.966788
16432.000000 16453.741370
16460.000000 16372.587282
15329.000000 16002.870221
14100.000000 14808.353859
13241.000000 13580.604548
12652.000000 12959.731982
12319.000000 12674.861316
12134.000000 12570.899660
12293.000000 12758.066448
13000.000000 13104.137303
14460.000000 13987.215787
15338.000000 15339.529701
15668.000000 16209.799962
15857.000000 16391.146886
16460.000000 16372.376753
16731.000000 16775.017735
17119.000000 17241.835254
17562.000000 17416.524007
17802.000000 17721.344935
17892.000000 18027.942790
17893.000000 18091.573729
17729.000000 18107.200487
17433.000000 17980.391952
17239.000000 17712.639332
17517.000000 17362.081350
17664.000000 17243.705640
16432.000000 16951.949612
14921.000000 15475.258299
12236.000000 13548.795927
11732.000000 12041.071152
11603.000000 11787.792765
11660.000000 12180.750414
11872.000000 12256.549285
12785.000000 12554.335190
14389.000000 13538.593778
15110.000000 15174.111225
15403.000000 15962.016851
15599.000000 16143.020661
15979.000000 16220.719892
16148.000000 16478.087378
16486.000000 16924.787952
16687.000000 17198.053530
16883.000000 17497.524365
16785.000000 17525.494244
16824.000000 17436.261838
16809.000000 17607.720638
16587.000000 17725.707353
16482.000000 17304.921598
16770.000000 17015.267517
16987.000000 16887.970541
15673.000000 16539.964452
14237.000000 14542.923506
11945.000000 12439.254165
11333.000000 11315.962701
11247.000000 11421.219187
11094.000000 12148.741910
11142.000000 12202.932080
11240.000000 12479.926129
11483.000000 12557.052512
11836.000000 12867.658229
12564.000000 13158.378058
12966.000000 13627.984208
13044.000000 13678.166218
13101.000000 13800.448997
13176.000000 14142.240960
13150.000000 14329.228362
13193.000000 14530.575666
13426.000000 14498.223767
13509.000000 14951.023679
13725.000000 15066.211474
13788.000000 15088.422449
13842.000000 14961.480199
14414.000000 14748.293354
14781.000000 14814.716468
14001.000000 14749.842405
12972.000000 13642.276235
12637.000000 12675.139349
12099.000000 12029.065003
11694.000000 12032.764726
11641.000000 12165.990676
11796.000000 12269.297342
12001.000000 12355.326355
12450.000000 12163.093926
12961.000000 13022.778621
13695.000000 13838.041516
13950.000000 14369.261186
14239.000000 14206.021693
14200.000000 14264.991425
14107.000000 14137.898831
13874.000000 13983.257303
13690.000000 13931.637486
13619.000000 14124.191994
13557.000000 14278.099079
13620.000000 14212.823308
13543.000000 14201.711737
13483.000000 14092.448185
13955.000000 13963.612065
14139.000000 14165.002201
13452.000000 14369.767523
12636.000000 13587.917629
12952.000000 13050.589174
12318.000000 12558.191787
12052.000000 12188.490633
11969.000000 12351.062564
12113.000000 12700.812046
12845.000000 13234.280221
14376.000000 13911.058797
15150.000000 15184.279461
15390.000000 15906.598108
15677.000000 16097.258417
15732.000000 16331.016079
15836.000000 16316.631634
15789.000000 16086.829855
15780.000000 15746.920430
15566.000000 15652.363334
15266.000000 15641.773055
15291.000000 15619.238336
15164.000000 15703.856761
15077.000000 15640.830641
14901.000000 15396.055842
15295.000000 15097.750881
15297.000000 15302.345532
14480.000000 15212.678212
13483.000000 14301.767354
13145.000000 13219.699447
12705.000000 12774.327024
12438.000000 12685.405455
12295.000000 12696.148166
12470.000000 12963.869566
13208.000000 13694.057355
14832.000000 14845.257276
15591.000000 15929.296529
15756.000000 16320.714685
15977.000000 16391.101773
16140.000000 16386.930212
16054.000000 16636.333864
16030.000000 16674.496703
16142.000000 16561.161906
15978.000000 16463.320313
15717.000000 16330.587881
15559.000000 16253.410847
15492.000000 16227.134826
15459.000000 16206.225369
15406.000000 16022.559551
15901.000000 15820.062250
15906.000000 15968.238769
14880.000000 15694.332030
13747.000000 14445.057425
12817.000000 13110.400028
12289.000000 12797.587930
12022.000000 12653.291233
11961.000000 12645.571501
12165.000000 12784.691069
13008.000000 13218.983957
14568.000000 14231.606061
15430.000000 15589.408290
15696.000000 16355.497206
15870.000000 16357.794935
16038.000000 16261.993474
16073.000000 16210.986924
16216.000000 16494.362649
16296.000000 16505.594469
16426.000000 16543.767625
16328.000000 16670.907343
16418.000000 16562.413772
16379.000000 16820.621799
16244.000000 16934.806750
16129.000000 16823.476215
16562.000000 16499.554030
16414.000000 16494.797959
15266.000000 15897.638295
14055.000000 14409.047311
12782.000000 13006.188284
12151.000000 12294.348993
11838.000000 12249.545086
11766.000000 12456.851302
11962.000000 12645.274187
12687.000000 13069.955811
14309.000000 13806.507171
14882.000000 15290.032547
15276.000000 15874.630150
15383.000000 15837.562375
15641.000000 15702.421079
15766.000000 15899.978945
15871.000000 16238.610492
16039.000000 16279.581705
16022.000000 16600.279593
16061.000000 16711.009757
16027.000000 16828.988669
15914.000000 16790.542602
15744.000000 16664.597083
15638.000000 16412.217710
16151.000000 16046.525023
16189.000000 16157.402088
15008.000000 15823.652846
13767.000000 14306.614123
12213.000000 12911.262113
11853.000000 11882.363530
11623.000000 11976.076940
11489.000000 12297.504680
11751.000000 12365.206727
12564.000000 12812.144427
14170.000000 13605.833062
15074.000000 15006.231556
15353.000000 15888.562364
15550.000000 15909.414365
15792.000000 15891.453435
15836.000000 16080.676763
15902.000000 16261.165257
16050.000000 16289.688021
16044.000000 16388.432829
15970.000000 16466.750894
15986.000000 16464.056795
15850.000000 16572.605428
15681.000000 16499.874771
15640.000000 16242.016185
16192.000000 15978.055686
16030.000000 16162.999632
14959.000000 15622.317692
13682.000000 14059.642695
11744.000000 12658.359778
11219.000000 11401.908751
11103.000000 11348.538285
10905.000000 11727.568939
11084.000000 11889.331948
11457.000000 12379.281177
11770.000000 12832.965987
12301.000000 13504.683850
12926.000000 13779.274066
13117.000000 14098.215622
13121.000000 13982.671623
13288.000000 13927.223359
13404.000000 14184.129488
13390.000000 14350.037333
13435.000000 14580.851558
13510.000000 14608.483215
13672.000000 14861.191977
13894.000000 15043.002613
13925.000000 15168.219588
13961.000000 15116.413119
14647.000000 14900.097338
14783.000000 15017.651644
13948.000000 14811.702498
13034.000000 13545.561763
12722.000000 12470.364665
12318.000000 12128.386787
12130.000000 12388.677173
12208.000000 12667.560538
12402.000000 12861.443427
12928.000000 12999.472141
13504.000000 13040.909403
14061.000000 13893.796131
14533.000000 14709.236601
14570.000000 14970.879467
14356.000000 14654.838104
14214.000000 14438.784201
13912.000000 14291.523230
13811.000000 13984.497705
13739.000000 13943.773634
13733.000000 14103.058129
13751.000000 14350.438644
13751.000000 14438.910155
13610.000000 14372.111213
13629.000000 14240.630055
14053.000000 14091.345692
14163.000000 14372.261897
13383.000000 14321.101855
12519.000000 13480.625045
13803.000000 12924.033314
13343.000000 13354.229584
13281.000000 13466.369862
13349.000000 13677.461774
13669.000000 14141.220830
14625.000000 14774.290694
16297.000000 15659.586306
16838.000000 16859.798418
16891.000000 17275.267963
16512.000000 17065.269483
16145.000000 16635.211628
15871.000000 16286.116307
15708.000000 15942.249621
15581.000000 15740.514818
15361.000000 15569.064220
15174.000000 15590.074521
14995.000000 15517.905643
14752.000000 15321.850887
14535.000000 14996.551627
14509.000000 14708.870202
14963.000000 14506.123378
15318.000000 14898.844807
14506.000000 15021.881266
13532.000000 14371.479982
13645.000000 13782.346309
13181.000000 13704.876524
13059.000000 13689.052664
13056.000000 13692.893376
13365.000000 14087.772886
14226.000000 14754.201634
16038.000000 15964.942304
16684.000000 17012.801014
16720.000000 17293.342458
16618.000000 16972.434163
16554.000000 16800.881548
16343.000000 16791.354433
16333.000000 16880.944282
16270.000000 16683.644407
15939.000000 16506.019750
15717.000000 16261.962229
15801.000000 15935.596685
15757.000000 16063.931945
15720.000000 16091.905526
15883.000000 15982.089685
16498.000000 16120.925254
16530.000000 16577.740983
15592.000000 16243.678595
14502.000000 15048.443776
13503.000000 13459.901988
13129.000000 13388.951964
13118.000000 13442.474675
13137.000000 13742.400946
13528.000000 13943.637352
14371.000000 14348.861294
16185.000000 15441.070910
16800.000000 16954.169707
16807.000000 17516.920179
16694.000000 17239.686704
16466.000000 16760.445377
16214.000000 16328.234349
16015.000000 16389.619747
15897.000000 16061.537118
15706.000000 15993.157336
15415.000000 15975.549365
15472.000000 15941.726111
15430.000000 16219.518620
15429.000000 16362.557743
15599.000000 16247.853852
16437.000000 16157.587693
16345.000000 16389.100847
15339.000000 16015.926237
14435.000000 14638.041717
14657.000000 13366.436025
14275.000000 14071.641833
14101.000000 14477.739669
14124.000000 14756.197928
14506.000000 15014.388010
15506.000000 15527.460530
17275.000000 16461.097123
17778.000000 17822.986125
17496.000000 18132.378535
17094.000000 17482.035632
16729.000000 16728.135491
16449.000000 16378.102858
16331.000000 16382.352359
15996.000000 16188.361435
15951.000000 15978.389509
15513.000000 16044.235406
15295.000000 15917.571822
15121.000000 15750.787804
15092.000000 15653.219210
15282.000000 15563.759297
16133.000000 15577.583148
16110.000000 15998.084246
15388.000000 15713.367666
14227.000000 14850.664728
14774.000000 14202.751898
14478.000000 14453.139429
14368.000000 14728.634417
14450.000000 14916.573793
15018.000000 15312.714781
15986.000000 16139.797177
17382.000000 17046.607197
18357.000000 18138.234637
18354.000000 18612.206314
18236.000000 18180.427026
18089.000000 17813.781930
17802.000000 17733.249904
17502.000000 17650.610560
17183.000000 17267.152177
16777.000000 16968.725696
16333.000000 16681.703992
16147.000000 16225.066645
15982.000000 16061.334398
15944.000000 16036.618416
16217.000000 16070.922596
17096.000000 16234.104501
17216.000000 16829.827962
16333.000000 16651.121218
15348.000000 15491.379649
13672.000000 14657.012310
13313.000000 13777.991808
13044.000000 13782.952374
12965.000000 13855.275822
12978.000000 13984.974233
13097.000000 14137.649624
13510.000000 14473.688262
13965.000000 15264.010950
14854.000000 15717.377101
15286.000000 15983.028728
15452.000000 15892.410061
15558.000000 15690.501172
15637.000000 15770.991882
15569.000000 15941.394786
15496.000000 15954.723713
15471.000000 16115.430465
15512.000000 16072.801074
15677.000000 16259.434126
15668.000000 16600.110995
15901.000000 16659.729031
16619.000000 16745.616755
16549.000000 17026.173312
15857.000000 16448.547904
15286.000000 15267.926679
13822.000000 13807.882821
13474.000000 13304.578116
13270.000000 13413.911018
13318.000000 13645.130357
13447.000000 13566.425419
13933.000000 13506.423295
14473.000000 13873.066547
14954.000000 14689.080896
15628.000000 15762.823617
16266.000000 16217.224716
16425.000000 16299.373356
16313.000000 16098.541682
16061.000000 15936.613796
15914.000000 15684.843377
15747.000000 15771.476264
15804.000000 15834.573024
15844.000000 16080.820671
15792.000000 16281.630685
15692.000000 16289.068613
15860.000000 16253.843864
16107.000000 16202.399813
15869.000000 16310.296221
15255.000000 16004.543733
14370.000000 15036.004008
15280.000000 14017.973169
14889.000000 14280.624643
14775.000000 14532.738462
14746.000000 14706.426685
15073.000000 15137.801602
15917.000000 15827.067074
17322.000000 16466.281784
18113.000000 17571.447984
18133.000000 18164.358802
17958.000000 18297.223474
17739.000000 18032.664441
17268.000000 17709.728612
16849.000000 17109.913929
16546.000000 16652.236530
15995.000000 16369.233394
15449.000000 16215.584612
15277.000000 16039.792012
15048.000000 15756.979256
14885.000000 15457.985616
15006.000000 15149.970104
15849.000000 14949.775735
15923.000000 15634.102668
15260.000000 15669.051226
14447.000000 15015.837285
14466.000000 14997.607224
13815.000000 14507.992455
13709.000000 14223.025339
13809.000000 14128.550396
14134.000000 14727.373612
14931.000000 15511.244081
16429.000000 16541.780823
17259.000000 17622.474321
17288.000000 17942.700937
17203.000000 17548.396224
17328.000000 17381.503880
17420.000000 17546.885375
17380.000000 17557.557793
17348.000000 17273.780458
17197.000000 16953.952671
16963.000000 16845.262003
17087.000000 16714.249711
17232.000000 16972.676940
17362.000000 17217.489347
17583.000000 17303.408892
18117.000000 17556.485861
17730.000000 17774.911708
16894.000000 17006.511888
15888.000000 15858.589955
14555.000000 14426.763389
14209.000000 13886.407341
14000.000000 14020.435696
13911.000000 14329.510705
14285.000000 14477.783108
15201.000000 14846.722897
16898.000000 15959.656327
17715.000000 17377.928655
17899.000000 18082.268192
17889.000000 17932.865250
17997.000000 17755.759500
17993.000000 17786.389004
17886.000000 17860.598535
17704.000000 17692.687954
17547.000000 17676.117922
17255.000000 17638.729224
17236.000000 17563.417005
17473.000000 17858.093283
17474.000000 18180.218318
17472.000000 18069.124244
17858.000000 17629.651276
17302.000000 17621.479043
16282.000000 16945.928181
15182.000000 15490.935114
15583.000000 14031.305962
15439.000000 14819.582541
15388.000000 15267.169770
15442.000000 15485.774060
15970.000000 15926.073035
16980.000000 16715.335143
18666.000000 17774.604983
19390.000000 19009.930188
19072.000000 19589.363433
18396.000000 18954.818113
17851.000000 17990.259488
17398.000000 17455.885683
17018.000000 17347.810354
16656.000000 16982.053021
16300.000000 16652.800235
15871.000000 16543.318968
15537.000000 16464.783532
15397.000000 16274.787412
15333.000000 16028.936861
15801.000000 15814.760220
16820.000000 15795.802196
16844.000000 16353.068926
16123.000000 16058.614799
15161.000000 15367.280032
15067.000000 15218.444042
14845.000000 15103.708499
14833.000000 15380.390622
15036.000000 15531.396910
15359.000000 15967.479539
16198.000000 16513.136768
17647.000000 17299.237748
18505.000000 18524.744749
18759.000000 18910.434664
18539.000000 18437.253308
18330.000000 17932.676500
17918.000000 17826.922705
17629.000000 17661.867783
17436.000000 17387.822850
17058.000000 17091.476254
16675.000000 16755.181852
16594.000000 16256.004510
16566.000000 16117.255654
16604.000000 16409.378146
16940.000000 16749.021764
17780.000000 17041.580553
17864.000000 17521.963469
17087.000000 17051.242416
16240.000000 15941.362887
15709.000000 14865.875459
15391.000000 14968.917907
15195.000000 15377.926522
15101.000000 15575.360243
15273.000000 15651.043752
15522.000000 15949.789261
16040.000000 16429.822237
16309.000000 17108.115496
16898.000000 17484.784142
16924.000000 17459.354629
16595.000000 16949.140962
16144.000000 16233.789282
15854.000000 15976.721188
15364.000000 15865.082980
14796.000000 15639.458112
14485.000000 15382.397631
14392.000000 15305.868268
14412.000000 15284.124689
14740.000000 15395.655522
15355.000000 15628.706940
16318.000000 16109.568841
16323.000000 16823.631115
15843.000000 16488.314090
15449.000000 15754.096820
15385.000000 15093.881395
15097.000000 15215.221880
14978.000000 15294.234574
15088.000000 15370.549927
15287.000000 15640.810560
15601.000000 15700.035260
16135.000000 15871.331755
16563.000000 16532.898333
17096.000000 17236.980569
17512.000000 17460.230412
17636.000000 17228.787520
17517.000000 16933.473560
17264.000000 16613.458697
16891.000000 16128.583605
16535.000000 15983.077401
16425.000000 16019.053520
16367.000000 16095.676833
16410.000000 16174.124734
16635.000000 16435.228907
17004.000000 16784.675503
17710.000000 16964.959516
17485.000000 17324.167229
17107.000000 17071.182370
16300.000000 16486.728607
15469.000000 15727.147370
15090.000000 14998.505592
14980.000000 14947.426089
14817.000000 15100.778639
15154.000000 15141.055144
15693.000000 15561.415644
16746.000000 16186.544922
17269.000000 17194.598385
17457.000000 17733.067316
17438.000000 18012.803125
17283.000000 17915.937126
16978.000000 17501.845083
16491.000000 16857.848547
16321.000000 16316.222434
16049.000000 16288.025676
15852.000000 16222.958022
15900.000000 16246.257858
16092.000000 16567.668474
16113.000000 16868.144628
16575.000000 16909.839907
17272.000000 17107.869204
17158.000000 17592.842030
16653.000000 17220.979764
15994.000000 16106.962634
14983.000000 15156.069506
14660.000000 14632.173038
14515.000000 14725.866207
14530.000000 14870.208622
14824.000000 15257.679705
15817.000000 15801.256511
17477.000000 16725.501171
18331.000000 17865.913181
18575.000000 18358.801738
18724.000000 18201.065280
18655.000000 18126.461374
18533.000000 18045.530542
18191.000000 17923.140955
18053.000000 17685.593580
17739.000000 17543.367408
17435.000000 17346.699414
17381.000000 17344.144625
17309.000000 17487.107843
17430.000000 17433.127073
17727.000000 17511.678454
18392.000000 17527.436777
18160.000000 17969.131783
17271.000000 17397.943985
16262.000000 16248.922212
13074.000000 15150.405580
12456.000000 12919.750031
12293.000000 12521.262330
12052.000000 12987.980997
12342.000000 13084.548227
13068.000000 13761.287689
14500.000000 14613.410341
15499.000000 15962.814157
15618.000000 16703.459045
15929.000000 16524.393096
16101.000000 16546.802930
16213.000000 16582.713403
16264.000000 16580.360913
16334.000000 16580.717588
16258.000000 16807.766261
16164.000000 16746.180265
16333.000000 16878.797123
16380.000000 17360.668869
16592.000000 17743.009432
16825.000000 17765.585309
17631.000000 17615.228105
17393.000000 17717.136253
16485.000000 16929.953538
15556.000000 15155.717106
12899.000000 13472.231207
12333.000000 11923.591543
12237.000000 12035.177081
12113.000000 12655.271688
12294.000000 12891.838324
13096.000000 13207.973474
14758.000000 13729.346226
15631.000000 15339.673444
15759.000000 16029.247257
15718.000000 15898.069404
15778.000000 15639.365302
15831.000000 15650.458357
15909.000000 15807.586785
16016.000000 15848.617854
16089.000000 16088.981150
15922.000000 16199.029104
16021.000000 16440.496585
15931.000000 16816.550907
15718.000000 16870.621215
15743.000000 16629.561304
16544.000000 16273.499458
16091.000000 16531.075094
15044.000000 15844.506224
13918.000000 14123.370974
12246.000000 13155.267262
11728.000000 11538.763290
11627.000000 11605.594675
11484.000000 12241.358062
11846.000000 12505.903306
12812.000000 13343.500308
14326.000000 14041.230184
15286.000000 15414.243942
15359.000000 16142.760500
15667.000000 15717.246402
15750.000000 15772.966844
15782.000000 16084.564235
15883.000000 16128.498838
15884.000000 16314.153162
15785.000000 16397.045905
15542.000000 16267.251884
15439.000000 16279.542010
15275.000000 16219.378898
15132.000000 15892.159576
15356.000000 15726.644996
16152.000000 15597.956813
15888.000000 15959.667637
14701.000000 15379.261323
13704.000000 13726.762619
11988.000000 13112.804754
11616.000000 11558.426098
11222.000000 11534.969141
11127.000000 11758.422923
11124.000000 12056.237286
11311.000000 12531.605383
11564.000000 12631.639633
12054.000000 13224.788089
12791.000000 13602.169315
13224.000000 13950.514813
13476.000000 14053.073368
13508.000000 14277.536543
13592.000000 14253.940775
13653.000000 14383.125638
13476.000000 14570.160896
13390.000000 14550.914516
13438.000000 14564.367619
13559.000000 14656.839444
13622.000000 14786.393429
13780.000000 14889.265761
14599.000000 14771.819161
14430.000000 15103.801623
13677.000000 14510.787821
12823.000000 13344.082350
12384.000000 12534.554355
12006.000000 12077.529281
11857.000000 12074.634301
11773.000000 12261.171188
11823.000000 12270.856308
12182.000000 12330.039489
12792.000000 12397.112655
13393.000000 13386.342533
14021.000000 14505.837525
14452.000000 14809.545805
14832.000000 14876.288177
14744.000000 14917.926946
14608.000000 14664.621611
14372.000000 14491.691579
14119.000000 14365.648301
13919.000000 14380.008843
13935.000000 14443.183614
13895.000000 14521.004956
13838.000000 14521.047111
13837.000000 14419.198974
14308.000000 14259.624194
14145.000000 14617.935756
13610.000000 14417.102601
12677.000000 13519.880281
13610.000000 12877.191296
13193.000000 13045.323354
13009.000000 13264.157378
13027.000000 13162.709103
13253.000000 13556.354586
14274.000000 14115.589611
15977.000000 15106.266822
16882.000000 16533.393975
16777.000000 17337.012455
16575.000000 17310.235899
16260.000000 17035.140666
15994.000000 16736.900290
15872.000000 16175.481920
15793.000000 15799.155567
15596.000000 15618.547756
15366.000000 15634.526526
15260.000000 15685.648747
15086.000000 15626.556538
14874.000000 15455.300106
14709.000000 15181.172150
15405.000000 14816.222313
15192.000000 15405.362087
14502.000000 15141.337678
13280.000000 14242.468798
13428.000000 13435.813617
12954.000000 13281.949914
12794.000000 13298.803688
12642.000000 13347.708450
12802.000000 13775.134530
13754.000000 14427.520164
15467.000000 15692.969992
16316.000000 16769.253017
16197.000000 17019.078465
16363.000000 16491.323023
16445.000000 16335.574012
16370.000000 16747.150734
16249.000000 16926.469856
16261.000000 16861.269113
15835.000000 16677.385606
15661.000000 16377.881799
15573.000000 16055.569856
15352.000000 16021.670837
15334.000000 15792.602258
15439.000000 15651.621627
16411.000000 15725.163906
16233.000000 16340.815659
15483.000000 15882.836445
14469.000000 14768.853444
13124.000000 13574.723012
12515.000000 13135.642351
12157.000000 13036.171466
12061.000000 12855.374671
12263.000000 12948.336938
13133.000000 13146.178924
14770.000000 14265.177962
15740.000000 15706.269805
15845.000000 16656.486916
15942.000000 16557.569264
16120.000000 16331.361747
16251.000000 16296.331182
16262.000000 16422.976334
16353.000000 16321.618715
16194.000000 16285.810417
16040.000000 16374.595870
16054.000000 16280.497316
15936.000000 16511.181302
16013.000000 16686.504035
16133.000000 16857.894979
16607.000000 16747.574535
16219.000000 16816.768879
15451.000000 15990.098822
14269.000000 14676.239957
13028.000000 12912.765241
12511.000000 12311.485239
12317.000000 12474.960000
12127.000000 12865.084967
12249.000000 13090.220328
13108.000000 13340.860447
14773.000000 14296.757303
15850.000000 15762.140400
15703.000000 16674.061660
15895.000000 16184.769544
16094.000000 16009.560239
16258.000000 16178.047853
16461.000000 16436.570705
16467.000000 16606.936300
16541.000000 16746.098329
16544.000000 16802.080940
16540.000000 16978.096088
16320.000000 17161.732839
16232.000000 17071.661026
16302.000000 16869.629825
17041.000000 16351.508029
16560.000000 16787.312837
15259.000000 16166.810287
14145.000000 14452.936667
12596.000000 13363.491508
12189.000000 12255.746894
11918.000000 12299.780547
11764.000000 12395.383867
12087.000000 12532.531896
12937.000000 13103.749383
14604.000000 14036.984802
15657.000000 15593.183162
15678.000000 16441.562416
15846.000000 16224.149360
15985.000000 16072.242347
16173.000000 16334.145551
16214.000000 16625.915902
16341.000000 16624.830173
16228.000000 16756.029476
16086.000000 16769.814568
15996.000000 16711.249185
15878.000000 16702.139734
15811.000000 16563.076814
16035.000000 16513.443657
16814.000000 16477.456493
16326.000000 16667.718366
15211.000000 15723.788248
13897.000000 14203.023785
12228.000000 12944.557537
11660.000000 11867.433132
11390.000000 11806.253197
11272.000000 12064.953678
11132.000000 12270.189499
11399.000000 12433.477625
11744.000000 12801.076346
12182.000000 13370.101025
12837.000000 13804.930748
13316.000000 13881.771519
13428.000000 14038.419320
13659.000000 14162.577979
13736.000000 14355.875327
13914.000000 14683.286180
13771.000000 14873.686000
13924.000000 14884.043571
14026.000000 15081.374479
14177.000000 15306.754125
14262.000000 15388.993237
14442.000000 15493.067257
15411.000000 15306.943187
14965.000000 15752.477467
14271.000000 14998.167853
13192.000000 13609.357458
13046.000000 12717.558028
12425.000000 12418.074844
12092.000000 12540.538872
11976.000000 12479.936997
12011.000000 12424.882801
12101.000000 12443.021416
12773.000000 12264.996702
13512.000000 13197.553601
14055.000000 14467.880240
14566.000000 14769.472138
14864.000000 14769.002735
14820.000000 14858.862945
14717.000000 14773.701255
14537.000000 14679.021888
14350.000000 14586.664822
14237.000000 14752.192622
14194.000000 14852.099958
14148.000000 14807.627966
14086.000000 14707.092079
14262.000000 14736.399602
14873.000000 14706.508926
14452.000000 15141.532302
13707.000000 14681.617922
12813.000000 13726.535064
13300.000000 13099.270498
12831.000000 12886.569891
12588.000000 12852.398593
12610.000000 12722.622516
12832.000000 13185.850441
13703.000000 13576.387677
15494.000000 14627.047510
16735.000000 16204.439416
16617.000000 17302.634624
16705.000000 17227.339610
16762.000000 17164.010952
16603.000000 17097.614118
16521.000000 16679.303515
16337.000000 16308.079853
16112.000000 16164.384237
15928.000000 16132.968585
15761.000000 16142.840233
15653.000000 16090.366489
15588.000000 15999.984902
15729.000000 15895.381541
16037.000000 15627.695045
15693.000000 15953.892529
15053.000000 15331.194652
14011.000000 14516.249019
13771.000000 13520.984111
13178.000000 13333.436590
12989.000000 13268.089271
12868.000000 13302.505819
13286.000000 13722.880811
14184.000000 14590.518496
15852.000000 15904.696745
16834.000000 17016.116103
16569.000000 17466.787329
16566.000000 16963.539597
16533.000000 16845.329848
16322.000000 16924.489295
16329.000000 16835.625368
16289.000000 16778.409108
16084.000000 16652.357041
15943.000000 16579.757860
15914.000000 16464.679982
15852.000000 16516.902447
15798.000000 16523.725507
16012.000000 16338.502705
16662.000000 16210.190314
16192.000000 16674.319921
15335.000000 15956.960046
14263.000000 14669.512646
14781.000000 13405.762768
14327.000000 14167.272339
14255.000000 14472.772337
14269.000000 14553.230802
14583.000000 15018.705512
15525.000000 15435.170058
17130.000000 16439.047795
18077.000000 17598.371672
17892.000000 18428.040380
17554.000000 17845.962978
17381.000000 17178.491226
17032.000000 17020.545217
16665.000000 17039.271091
16390.000000 16758.070957
16035.000000 16325.666550
15642.000000 16260.771961
15639.000000 16039.068693
15497.000000 15952.954499
15441.000000 15890.074903
15930.000000 15866.221814
16738.000000 16093.592867
16500.000000 16495.692791
15587.000000 15924.787579
14516.000000 15004.529207
14531.000000 14329.790621
13973.000000 14531.831845
13842.000000 14517.296544
13755.000000 14514.977867
13948.000000 14660.356182
14915.000000 15043.458979
16648.000000 16167.286358
17710.000000 17650.155116
17492.000000 18531.978405
17430.000000 17738.867959
17225.000000 17308.534562
16992.000000 17112.578494
16870.000000 16884.136286
16697.000000 16738.045832
16382.000000 16514.701297
16097.000000 16429.433004
15883.000000 16276.792488
15957.000000 16174.091945
15797.000000 16388.468244
16620.000000 16378.599912
17415.000000 16724.807140
17175.000000 17274.936490
16439.000000 16533.088436
15500.000000 15413.648823
15879.000000 14294.133303
15686.000000 15045.141802
15864.000000 15499.969592
16092.000000 15832.596410
16534.000000 16357.437584
17668.000000 16922.614474
19319.000000 18256.007075
20511.000000 19579.189643
20319.000000 20451.754465
19814.000000 19867.980587
19445.000000 18936.539066
18976.000000 18533.791430
18701.000000 18330.994861
18358.000000 18001.358754
17915.000000 17638.287089
17551.000000 17462.985468
17400.000000 17200.469983
17355.000000 17278.043263
17563.000000 17363.387296
17764.000000 17664.404628
18019.000000 17670.005270
17479.000000 17676.527684
16552.000000 16921.446913
15456.000000 15821.082414
16050.000000 14844.126192
15753.000000 15645.936080
15631.000000 16084.730621
15489.000000 16284.441192
15717.000000 16588.919084
15994.000000 16955.218776
16528.000000 17544.186163
17139.000000 17993.359605
17369.000000 18332.669250
17322.000000 17810.549892
16834.000000 17343.398153
16381.000000 16775.394418
16143.000000 16569.454100
15775.000000 16571.109022
15454.000000 16356.376342
15227.000000 16353.550228
14992.000000 16180.602930
15090.000000 15853.397368
15303.000000 15958.179422
16163.000000 15769.710374
17516.000000 16229.784504
17359.000000 17187.889625
16983.000000 16836.500575
16255.000000 16407.856197
16427.000000 15998.208389
15951.000000 16433.501069
15666.000000 16238.713852
15723.000000 15877.920412
15884.000000 15937.592766
16204.000000 15752.665755
16891.000000 16073.434877
17605.000000 16875.621082
18237.000000 18010.899828
18684.000000 18240.622939
18681.000000 17927.950798
18346.000000 17632.241840
17976.000000 17240.984366
17526.000000 16874.899417
17119.000000 16595.838195
16577.000000 16481.342839
16722.000000 16003.325622
16660.000000 16149.886794
16790.000000 16469.044373
17270.000000 17164.228303
17887.000000 17781.774292
17738.000000 18004.965047
17220.000000 17456.552267
16543.000000 16536.098568
15061.000000 15513.242991
14740.000000 14702.731779
14500.000000 14677.221989
14439.000000 14919.047643
14735.000000 15034.396170
15622.000000 15404.996860
17350.000000 16446.794881
18712.000000 17964.375356
18615.000000 19407.919857
18738.000000 19338.054718
18915.000000 19082.269547
18845.000000 18688.911467
18655.000000 18185.345214
18681.000000 17942.287414
18597.000000 18001.061609
18302.000000 18126.782052
18171.000000 18309.638654
18116.000000 18410.815107
18289.000000 18628.296516
18645.000000 18562.608273
19027.000000 18494.238771
18676.000000 18796.733471
18088.000000 18121.641392
17112.000000 16889.641697
13295.000000 15149.643224
12976.000000 12840.055976
12779.000000 12781.485622
12817.000000 13278.585663
12991.000000 13633.629473
14015.000000 14258.861640
15876.000000 15394.230097
17118.000000 16913.856470
17228.000000 17491.031337
17333.000000 17422.215342
17440.000000 17531.812514
17451.000000 17621.365110
17555.000000 17608.238271
17355.000000 17836.130223
17260.000000 17836.956008
17124.000000 17589.398955
17106.000000 17483.846316
17128.000000 17956.580204
17351.000000 18277.389914
17726.000000 18263.800812
18180.000000 18157.482695
17785.000000 18109.547351
16965.000000 17361.622969
15940.000000 15471.587166
13185.000000 13757.679370
12614.000000 12108.825708
12310.000000 12268.452154
12345.000000 12935.278721
12465.000000 13255.465700
13367.000000 13786.032467
15051.000000 14364.796260
16491.000000 15908.258914
16410.000000 17073.907248
16362.000000 16670.863649
16340.000000 16190.027934
16307.000000 16239.728900
16241.000000 16317.813438
16146.000000 16316.307106
15970.000000 16317.966738
15759.000000 16291.837369
15727.000000 16555.469156
15593.000000 16664.156397
15547.000000 16663.728644
16082.000000 16557.928751
16697.000000 16480.336971
16231.000000 16545.011651
15259.000000 15723.444918
14103.000000 14192.538775
14283.000000 13437.086902
13902.000000 12846.269418
13600.000000 13288.375400
13703.000000 13652.084064
14060.000000 14309.216893
14967.000000 15180.340715
16537.000000 15836.143167
17709.000000 17442.487921
17302.000000 18088.082464
17020.000000 17260.569726
16804.000000 16619.983143
16390.000000 16639.933417
16075.000000 16211.915050
16010.000000 16105.582663
15734.000000 15848.405609
15404.000000 15851.722573
15314.000000 15901.432232
15062.000000 15718.087385
15001.000000 15473.884657
15596.000000 15477.886631
16421.000000 15690.388958
16085.000000 16079.608435
15127.000000 15398.818311
14036.000000 14289.454034
14408.000000 14376.438267
14316.000000 14094.840726
14369.000000 14354.018483
14448.000000 14562.369666
14942.000000 15164.599808
15982.000000 15947.169942
17806.000000 16960.149213
19159.000000 18511.267759
19033.000000 19486.639550
18667.000000 18901.288725
18313.000000 18263.029024
17768.000000 17976.063308
17247.000000 17449.469672
16983.000000 17112.809957
16557.000000 16687.894967
16509.000000 16516.428877
16108.000000 16386.037361
16022.000000 16098.815536
16052.000000 16057.584115
16702.000000 16197.290925
17364.000000 16619.564281
16820.000000 17016.339711
16110.000000 16130.015417
15052.000000 15099.048120
13451.000000 14212.350558
13090.000000 13560.092355
13119.000000 13702.604266
13281.000000 13982.405001
13507.000000 14418.754299
14051.000000 14799.579423
14739.000000 15732.320026
15286.000000 16502.370920
15444.000000 16908.648430
15125.000000 16371.908943
14734.000000 15617.012708
14583.000000 14989.759932
14219.000000 14797.422189
13876.000000 14702.396021
13559.000000 14722.308473
13636.000000 14794.397929
13649.000000 14717.591312
13889.000000 14935.691007
14682.000000 15207.513601
15856.000000 15837.171160
15859.000000 16457.632967
15430.000000 16292.715510
14820.000000 15475.560460
13946.000000 14343.771939
13634.000000 12850.260720
13482.000000 13198.191226
13507.000000 13849.949693
13677.000000 14377.799556
14044.000000 14588.373694
14582.000000 14652.506307
15038.000000 14890.643892
15523.000000 15291.745642
15788.000000 15936.465748
15736.000000 15827.291390
15450.000000 15370.869997
15211.000000 14810.760689
14959.000000 14454.210310
14664.000000 14297.669128
14403.000000 14315.423807
14423.000000 14432.699708
14541.000000 14945.475171
15001.000000 15136.669258
15521.000000 15697.551059
15389.000000 16047.423896
15029.000000 15400.835242
14489.000000 15009.194994
13893.000000 14233.889750
16157.000000 13683.609726
15880.000000 15513.390276
15828.000000 15586.079862
15919.000000 15558.094205
16269.000000 16080.348251
17304.000000 16817.293859
19025.000000 17805.701387
19584.000000 18855.329007
19186.000000 19310.622015
18462.000000 18961.658193
17905.000000 18292.029770
17212.000000 17623.306717
16899.000000 16838.813292
16504.000000 16320.499760
16071.000000 15907.016161
15585.000000 15952.069023
15447.000000 15866.155458
15290.000000 15778.399629
15926.000000 15664.498854
16433.000000 15769.483991
16291.000000 15736.163932
16134.000000 15890.622858
15506.000000 15746.912199
14701.000000 15587.637981
16681.000000 15837.325253
16434.000000 16707.399997
16565.000000 16760.143507
16718.000000 16637.540414
17162.000000 17338.101543
18189.000000 18284.221492
20062.000000 19636.055527
20554.000000 20645.330807
20095.000000 20417.409661
19387.000000 19438.698187
18846.000000 18823.464645
18138.000000 18438.966127
17722.000000 18039.895164
17467.000000 17570.442705
16754.000000 17170.779383
16485.000000 16781.070903
16320.000000 16316.203911
16386.000000 16237.091360
17390.000000 16468.218996
18425.000000 17102.689522
18461.000000 17954.136994
18351.000000 17903.643808
17515.000000 17322.968698
16710.000000 16713.941240
17441.000000 16040.573247
16524.000000 17498.945401
16070.000000 17233.803523
16201.000000 16734.775439
16504.000000 16942.062678
17457.000000 17140.116197
19190.000000 18440.385389
19837.000000 19673.889388
19669.000000 20018.040005
19236.000000 19395.221304
18893.000000 18575.426818
18361.000000 17960.295349
17956.000000 17825.889083
17591.000000 17417.293613
17338.000000 17103.008625
17003.000000 17299.909600
17038.000000 16931.339631
17265.000000 17169.916726
18058.000000 17798.896060
18966.000000 18631.188158
19014.000000 19244.695603
18798.000000 18804.712629
17984.000000 17935.827287
17192.000000 17044.282975
16903.000000 15879.835430
16625.000000 16376.294001
16554.000000 16496.710428
16873.000000 16877.196071
17246.000000 17331.252384
18407.000000 17722.568770
20169.000000 19059.984143
20831.000000 20464.646582
20448.000000 20804.125262
20053.000000 19986.045712
19716.000000 19006.032420
19158.000000 18304.973018
18805.000000 18074.601133
18335.000000 17784.349864
18032.000000 17883.152530
17756.000000 17783.599342
17959.000000 17704.754730
18420.000000 18070.969110
19367.000000 18663.707969
20021.000000 19350.653570
19962.000000 19786.279016
19516.000000 19312.542535
18541.000000 18468.219153
17426.000000 17222.775834
16849.000000 15988.942658
16735.000000 16515.214671
16697.000000 16795.326187
16829.000000 17100.552266
17193.000000 17372.105987
18208.000000 17865.969739
19864.000000 18966.329245
20482.000000 20263.025860
20154.000000 20443.626719
19647.000000 19800.129314
19291.000000 18852.462781
18849.000000 18281.567462
18444.000000 18200.665813
18066.000000 17907.093874
17856.000000 17759.171120
17599.000000 17920.975971
17718.000000 18021.885908
17916.000000 18364.632415
18594.000000 18672.480131
19680.000000 18841.364512
19571.000000 19395.216745
19227.000000 18852.075571
18360.000000 18031.534990
17458.000000 16966.073188
15834.000000 16312.589491
15607.000000 15729.633505
15503.000000 15848.316938
15465.000000 16147.255054
15574.000000 16267.065744
15940.000000 16449.584489
16519.000000 16894.550029
17055.000000 17523.567608
17689.000000 17623.371628
17883.000000 17514.419564
17695.000000 17296.328506
17592.000000 17035.163042
17374.000000 17042.597338
17157.000000 17172.594544
16963.000000 17282.960851
16915.000000 17300.653013
16977.000000 17266.827804
17442.000000 17402.237983
18337.000000 18000.915715
19146.000000 18878.884979
19077.000000 19282.041853
18738.000000 18714.012799
18094.000000 17834.603823
17424.000000 16887.984073
14968.000000 15999.162415
14588.000000 14570.516147
14383.000000 14397.944014
14345.000000 14710.404343
14613.000000 14646.357576
15104.000000 14745.410038
15805.000000 15046.559484
16261.000000 16233.923154
16671.000000 17040.011485
16698.000000 17210.742327
16699.000000 16721.989003
16595.000000 16179.048915
16446.000000 15954.768765
16130.000000 15964.421295
15940.000000 16087.549060
15925.000000 16192.711991
16055.000000 16428.513432
16354.000000 16972.922093
17198.000000 17525.504235
17689.000000 17995.160525
17548.000000 18234.130770
17317.000000 17565.877432
16820.000000 16971.691858
16226.000000 15945.608464
14663.000000 14946.858923
14286.000000 13846.764032
14140.000000 13888.037166
14201.000000 14514.498130
14551.000000 14904.614018
15637.000000 15403.971772
17411.000000 16038.592105
18226.000000 17486.066466
18128.000000 17964.342844
17820.000000 17847.919050
17737.000000 17570.037570
17452.000000 17283.234482
17074.000000 16948.087217
16968.000000 16584.751492
16627.000000 16652.416750
16295.000000 16515.564535
16167.000000 16605.707444
16382.000000 16722.235013
17012.000000 17006.050054
17509.000000 17297.171037
17374.000000 17435.898659
17238.000000 17053.943088
16509.000000 16575.456252
15745.000000 15531.167596
15566.000000 14990.663053
15229.000000 14531.407556
15134.000000 14694.400895
15115.000000 15143.019132
15419.000000 15668.773237
16409.000000 16713.841542
18038.000000 17720.647722
18627.000000 18859.823772
18579.000000 18662.610190
18338.000000 18183.623667
18218.000000 17858.852505
17999.000000 17777.530894
17932.000000 17665.993313
17891.000000 17759.063048
17763.000000 17674.700455
17621.000000 17550.638064
17805.000000 17698.122449
18022.000000 18028.116069
18503.000000 18205.181239
18620.000000 18481.901995
18227.000000 18388.220895
17580.000000 17718.998344
16621.000000 16639.551165
15499.000000 15610.398815
16324.000000 15252.311655
16130.000000 15607.044867
16150.000000 15812.236555
16242.000000 16006.717901
16672.000000 16509.423090
17684.000000 17238.989861
19561.000000 18267.185065
20166.000000 19847.565034
19675.000000 20224.339326
19049.000000 19370.816450
18339.000000 18466.703375
17768.000000 17918.107070
17275.000000 17686.094302
16975.000000 17295.501644
16786.000000 17112.565430
16545.000000 17203.185363
16603.000000 17156.393802
17030.000000 17118.215637
18047.000000 17347.849033
18457.000000 17920.435515
18373.000000 18044.775885
17919.000000 17575.859072
17253.000000 16980.606505
16179.000000 16398.891264
16004.000000 16041.259263
15725.000000 16125.041086
15681.000000 16177.942032
15751.000000 16272.132335
16119.000000 16485.916992
17050.000000 16953.773232
18835.000000 18083.830616
19485.000000 19407.350978
19129.000000 19511.336631
18668.000000 18667.943825
18238.000000 17831.243042
17800.000000 17373.743148
17525.000000 17198.073951
17337.000000 17142.710393
17131.000000 17205.063272
16920.000000 17232.803921
17074.000000 17002.579262
17393.000000 17385.493306
18314.000000 17924.502362
18870.000000 18450.000947
18860.000000 18584.675894
18384.000000 18111.907125
17790.000000 17287.407780
16918.000000 16439.636128
14900.000000 15497.691497
14705.000000 14787.604231
14662.000000 14992.024758
14903.000000 15444.134176
15227.000000 15744.217249
16276.000000 16049.692396
17975.000000 17048.929728
18864.000000 18511.626817
18733.000000 19090.571938
18645.000000 18537.938510
18711.000000 18003.241643
18513.000000 17715.037745
18216.000000 17816.190829
17992.000000 17743.251300
17738.000000 17815.957762
17460.000000 17800.661236
17593.000000 17647.871587
17894.000000 17960.121567
18745.000000 18491.635061
19125.000000 19154.958797
18911.000000 19134.416080
18517.000000 18418.423272
17515.000000 17556.093590
16609.000000 16185.173684
15629.000000 14745.202788
15153.000000 14665.028464
14938.000000 14979.759415
14785.000000 15409.248334
14725.000000 15508.771272
14711.000000 15707.528075
15030.000000 15832.157075
15479.000000 16243.363994
15944.000000 16355.866386
16408.000000 16373.573541
16447.000000 16331.938931
16280.000000 16074.780800
16021.000000 16118.017421
15758.000000 16196.999460
15598.000000 16275.604241
15568.000000 16417.669958
15774.000000 16653.888112
16284.000000 16882.951713
16927.000000 17273.435602
17183.000000 17681.174825
17170.000000 17609.728322
16674.000000 17170.014456
15984.000000 16218.409603
15355.000000 15447.526362
17095.000000 15408.737218
16702.000000 16212.226945
16709.000000 16270.124865
16708.000000 16143.002665
17053.000000 16402.609328
17393.000000 16623.079615
18021.000000 16872.062895
18588.000000 17838.887886
18945.000000 18690.850808
18720.000000 18754.383722
18306.000000 18024.382931
17679.000000 17375.027315
16997.000000 16754.285875
16599.000000 16157.831744
16163.000000 15897.043965
16148.000000 16052.406137
16462.000000 16174.849054
16914.000000 16429.441817
17635.000000 16642.373660
17762.000000 17309.290533
17677.000000 17408.851309
17234.000000 17040.407008
16820.000000 16641.303170
16111.000000 16491.763666
16738.000000 16750.251947
16474.000000 16686.141108
16452.000000 16512.126049
16466.000000 16468.994064
16870.000000 16900.359382
17899.000000 17475.918959
19591.000000 18618.438991
20378.000000 19923.218761
19889.000000 20458.741802
19567.000000 19669.023711
19161.000000 19144.109155
18564.000000 18620.583675
18064.000000 17973.824598
17707.000000 17551.743429
17175.000000 17318.390363
16818.000000 17294.484633
16893.000000 17035.846146
17133.000000 17238.976217
18207.000000 17497.050690
18899.000000 18041.027513
19033.000000 18331.214569
18898.000000 18294.174500
18410.000000 18000.829073
17661.000000 17377.263379
15487.000000 16369.136240
15090.000000 15647.488964
14994.000000 15454.996421
15060.000000 15699.425166
15383.000000 15910.478450
16336.000000 16446.018060
18089.000000 17732.483666
18889.000000 18717.572331
18638.000000 18880.349822
18450.000000 18491.233864
18275.000000 18093.757027
18023.000000 17752.045790
18037.000000 17665.175769
17972.000000 17589.868774
17675.000000 17671.805555
17510.000000 17403.663421
17725.000000 17418.504804
18114.000000 18162.188645
18785.000000 19039.262657
19357.000000 19658.658055
19437.000000 19652.016594
19000.000000 19139.106634
18166.000000 18071.021429
17299.000000 16616.919856
15448.000000 14983.024019
15160.000000 14521.317435
15101.000000 14878.504100
15048.000000 15604.863057
15447.000000 15798.140241
16238.000000 16223.426784
17814.000000 17002.887651
18623.000000 18198.723841
18619.000000 18734.295663
18446.000000 18200.133376
18146.000000 17624.579868
17724.000000 17278.939505
17423.000000 17336.075463
17217.000000 17252.277130
16914.000000 17264.833788
16562.000000 17123.112112
16601.000000 17141.741112
16874.000000 17429.034438
17866.000000 17667.567423
18276.000000 18448.958707
18202.000000 18481.520211
17786.000000 17872.821580
17050.000000 17052.335075
16053.000000 15969.918218
16476.000000 15386.072478
16193.000000 15520.521348
15988.000000 15798.322355
15906.000000 16022.124066
16144.000000 16363.254140
16869.000000 16923.638205
18501.000000 17567.414778
19243.000000 18986.816770
18929.000000 19406.473720
18529.000000 18613.775818
18371.000000 17829.151858
18063.000000 17506.839297
17830.000000 17286.248235
17740.000000 17279.080921
17556.000000 17321.890930
17473.000000 17400.229985
17638.000000 17566.669893
18019.000000 17790.962208
18654.000000 18254.919338
18849.000000 18573.891824
18647.000000 18335.385484
18067.000000 17884.452328
17228.000000 17089.765176
16139.000000 16182.333650
19223.000000 16087.005238
19102.000000 17828.568229
19154.000000 18358.001971
19269.000000 18366.103777
19641.000000 18916.705615
20360.000000 19708.029115
21700.000000 20581.173614
22522.000000 21572.396317
22425.000000 21829.547674
21780.000000 21180.941880
20979.000000 20384.000512
20196.000000 19739.002383
19345.000000 19312.115336
18782.000000 18743.236030
18299.000000 18201.319743
18008.000000 18259.408319
17958.000000 18033.546780
18344.000000 17776.222365
19412.000000 17752.345958
19867.000000 18589.340095
19537.000000 18957.903678
19093.000000 18590.602048
18112.000000 17947.410582
17137.000000 17652.174294
17167.000000 17890.688804
16763.000000 17903.860388
16762.000000 17578.442219
16844.000000 17298.862378
16965.000000 17472.746991
17182.000000 17619.785826
17722.000000 18413.822348
18272.000000 19122.627110
18882.000000 19527.409542
19116.000000 19315.854399
19059.000000 18826.389893
18774.000000 18288.519212
18637.000000 18063.393021
18489.000000 18137.916313
18276.000000 18409.785381
18254.000000 18626.134897
18455.000000 18353.522861
19019.000000 18672.602532
20131.000000 19441.982148
20711.000000 20192.337790
20656.000000 20275.511247
20421.000000 19684.424296
19883.000000 18886.040154
19451.000000 18307.384182
19636.000000 16996.782377
19316.000000 18478.423791
19303.000000 18806.023298
19306.000000 18899.518559
19355.000000 18786.086945
19677.000000 18364.827684
20045.000000 18796.975162
20552.000000 19152.987602
20916.000000 19990.606382
20905.000000 20342.495200
20700.000000 19815.018465
20365.000000 18978.527521
19772.000000 18995.750955
19345.000000 18554.108809
19086.000000 18447.543228
18966.000000 18607.102073
19017.000000 18694.495753
19282.000000 18944.492914
19990.000000 19312.434966
20008.000000 20049.224156
19659.000000 20115.924935
19224.000000 19455.740974
18473.000000 18879.834957
17724.000000 18203.333218
20196.000000 17421.427434
20035.000000 19254.885906
19871.000000 19653.704319
20092.000000 19539.895706
20451.000000 19981.097789
21376.000000 20504.990168
22802.000000 21486.080202
23680.000000 22465.764159
23442.000000 22987.648075
22878.000000 22677.274508
22364.000000 21871.437845
21760.000000 21203.424258
21235.000000 20636.381343
20585.000000 20085.757302
20093.000000 19569.727356
19580.000000 19521.863156
19714.000000 19281.654988
20199.000000 19199.181893
21405.000000 19361.847239
21704.000000 20099.364784
21818.000000 20335.141523
21598.000000 20234.935530
20807.000000 19954.338673
20106.000000 19558.546471
19897.000000 19817.365063
19709.000000 19570.150268
19592.000000 19238.901604
19714.000000 19160.437057
20078.000000 19551.138415
21004.000000 20218.755856
22475.000000 21615.255567
23326.000000 22582.042639
23228.000000 22786.375136
22684.000000 22325.738490
22030.000000 21595.302499
21435.000000 20956.100629
20907.000000 20515.885131
20702.000000 19963.010395
20239.000000 19778.304034
20097.000000 19611.287680
20224.000000 19570.968389
20827.000000 20212.990865
22078.000000 21018.098377
22646.000000 21912.751772
22601.000000 22208.659482
22383.000000 21559.820651
21467.000000 20811.789932
20717.000000 19754.987279
17338.000000 18305.749963
16980.000000 17146.336013
16870.000000 17115.059605
17013.000000 17566.009222
17288.000000 17703.584974
18168.000000 17864.438471
19291.000000 18892.961623
20235.000000 19797.958322
20541.000000 20389.048170
20885.000000 20221.548275
21109.000000 19741.191172
21039.000000 19477.035448
20833.000000 19693.913131
20665.000000 19959.798896
20505.000000 20233.669890
20354.000000 20289.800633
20519.000000 20180.325410
21029.000000 20773.882890
22098.000000 21517.048509
22455.000000 22388.888651
22247.000000 22171.854470
21816.000000 21254.924294
21190.000000 20315.905416
20323.000000 18883.268845
17129.000000 17224.355285
16824.000000 15658.718970
16810.000000 15980.788057
16810.000000 16834.971871
16985.000000 16912.899341
17887.000000 17142.821479
19233.000000 17718.816419
20114.000000 19046.580905
20308.000000 19845.461270
20455.000000 20088.861870
20425.000000 19798.916375
20372.000000 19371.416537
20321.000000 19226.440150
20182.000000 19335.369150
19980.000000 19739.260847
19741.000000 19608.762294
19795.000000 19893.597673
20345.000000 20341.020222
20917.000000 20908.092338
20763.000000 21286.663965
20277.000000 20647.905976
19682.000000 19621.650826
18845.000000 18812.125923
18029.000000 17256.613483
17510.000000 16608.271311
17444.000000 15820.244285
17452.000000 16276.325986
17590.000000 17001.793845
17960.000000 17620.660758
19059.000000 18555.156937
20786.000000 19347.849385
21590.000000 20740.902331
21261.000000 21145.163215
20848.000000 20561.942079
20496.000000 19864.256215
19939.000000 19732.060615
19648.000000 19342.269092
19177.000000 19197.620562
19000.000000 18822.777261
18778.000000 18717.194040
18951.000000 18948.204788
19323.000000 19161.773694
20265.000000 19168.763602
20394.000000 19607.085238
20208.000000 19370.142330
19684.000000 18871.041742
18856.000000 18239.128528
17801.000000 17496.393492
19133.000000 17626.480519
19018.000000 17838.178830
19048.000000 18143.230023
19047.000000 18420.203988
19258.000000 18960.728618
19566.000000 19712.326209
20010.000000 20228.458606
20361.000000 20552.180013
20568.000000 20218.534259
20410.000000 19710.494380
19587.000000 19292.750647
18977.000000 18689.199824
18653.000000 18224.710066
18130.000000 18217.958373
17680.000000 17984.150621
17458.000000 17902.928548
17566.000000 17818.014249
18250.000000 17743.262186
19364.000000 18261.217474
19564.000000 19055.127187
19434.000000 19060.332113
19196.000000 18500.747533
18559.000000 17925.137394
17841.000000 17679.802584
19283.000000 18116.177086
18990.000000 19036.243621
18855.000000 19077.899527
18917.000000 18743.013900
19147.000000 18862.292426
19630.000000 18895.646891
20280.000000 19349.836900
20877.000000 20146.820343
21216.000000 20935.636312
21124.000000 20818.016313
20747.000000 19972.395626
20090.000000 19326.889932
19469.000000 18774.164357
18787.000000 18364.536706
18312.000000 17828.472837
17910.000000 17882.096928
18152.000000 17567.022380
18753.000000 17881.281099
20106.000000 18509.499967
20542.000000 19566.889326
20603.000000 19842.549668
20300.000000 19607.382921
19933.000000 19171.749897
19437.000000 18998.218509
20180.000000 18570.244517
19979.000000 19334.355081
19873.000000 19464.233481
19936.000000 19408.490066
20266.000000 19628.368525
21178.000000 19966.989424
22712.000000 21166.052900
23689.000000 22278.237304
23553.000000 23000.001189
22886.000000 22675.721225
22123.000000 21813.308760
21218.000000 20593.298220
20643.000000 19658.634947
20139.000000 19123.510521
19746.000000 18887.205985
19415.000000 18917.224729
19595.000000 18862.560466
20133.000000 19327.914724
21074.000000 20157.715902
21274.000000 20947.208940
21281.000000 20902.114386
21216.000000 20387.937263
20463.000000 20036.362654
19733.000000 19320.813716
19857.000000 18402.731919
19648.000000 19074.701241
19613.000000 19348.765064
19560.000000 19580.100845
19887.000000 19904.844976
20742.000000 20491.773418
22353.000000 21793.427495
23356.000000 22661.569881
23290.000000 22837.756620
22665.000000 22197.294505
22060.000000 21109.542749
21551.000000 20393.697536
20957.000000 20380.327128
20441.000000 20164.757754
20033.000000 19818.256016
19814.000000 19674.217460
20007.000000 19536.977024
20652.000000 19891.767823
21975.000000 20375.638700
22547.000000 21378.792747
22603.000000 21765.913290
22252.000000 21492.783246
21468.000000 20710.706104
20813.000000 19833.544312
19215.000000 19180.562554
18690.000000 18530.291818
18554.000000 18370.967170
18468.000000 18522.411323
18948.000000 18580.711089
19735.000000 19019.613094
21014.000000 20093.591690
21885.000000 21184.236246
22207.000000 21732.594825
21945.000000 21462.350091
21508.000000 20745.290547
21268.000000 20063.428231
20980.000000 19781.657760
20634.000000 19690.490957
20270.000000 19781.228837
20110.000000 19829.593634
20339.000000 19880.886776
21009.000000 20508.639038
22264.000000 21411.574448
22397.000000 22424.425029
22374.000000 22130.934338
21941.000000 21259.161844
21103.000000 20491.050133
20403.000000 19293.497685
21686.000000 18168.020689
21558.000000 19511.262404
21478.000000 20261.194105
21435.000000 20693.689814
21761.000000 21055.162741
22581.000000 21507.835261
23692.000000 22198.273958
24420.000000 22949.725948
24274.000000 23409.919484
23965.000000 22919.845670
23518.000000 21954.071065
22937.000000 21300.536254
22493.000000 21155.299911
22266.000000 20955.086110
22253.000000 20880.542868
22276.000000 21219.295106
22512.000000 21608.576988
22846.000000 21917.711776
23547.000000 22079.112517
23369.000000 22526.657064
22753.000000 22205.300950
22043.000000 21332.553540
20960.000000 20456.331024
19805.000000 19657.318723
19458.000000 19831.706896
19400.000000 19200.657098
19460.000000 19106.058272
19520.000000 19170.768283
19891.000000 19394.757766
20776.000000 20116.221869
22190.000000 21162.339947
23199.000000 22402.439155
23257.000000 22959.862297
23395.000000 22705.669617
23188.000000 22405.433959
22857.000000 22045.499396
22591.000000 21794.916019
22156.000000 21922.271750
21671.000000 21973.167615
21377.000000 21724.087952
21635.000000 21285.853688
22327.000000 21383.445078
23719.000000 21747.459842
24065.000000 22659.332286
23822.000000 22611.387231
23465.000000 22027.522752
22843.000000 21394.345385
22059.000000 20564.470963
18352.000000 19661.078079
18036.000000 17818.803445
17906.000000 17574.318210
17941.000000 17910.787553
17998.000000 17767.728136
18434.000000 17780.953019
18896.000000 18526.638858
19433.000000 19126.446951
19915.000000 19633.574286
19971.000000 19913.254584
19745.000000 19538.799976
19569.000000 18915.972443
19447.000000 18687.947698
19283.000000 18720.449972
18980.000000 18941.899300
18902.000000 18893.263777
19365.000000 19168.118223
20289.000000 20281.190879
21058.000000 21493.238376
21052.000000 22021.541936
20978.000000 21444.923974
20732.000000 20517.101256
20524.000000 19817.859675
20158.000000 18744.843808
18067.000000 17310.717881
17914.000000 16442.864173
17904.000000 16993.075516
17910.000000 18013.179488
18178.000000 18149.253022
18599.000000 18270.086368
19338.000000 18174.215921
20093.000000 18847.927663
20353.000000 19638.531583
20304.000000 19576.580369
20108.000000 18987.268742
19798.000000 18525.550727
19440.000000 18420.223478
19066.000000 18481.282851
18748.000000 18442.894472
18763.000000 18243.829360
18868.000000 18638.697424
19517.000000 18976.502369
20482.000000 19279.163145
20489.000000 20072.470820
20389.000000 19870.238784
19988.000000 19427.761098
19414.000000 19095.310863
18808.000000 18310.449410
16984.000000 18226.817645
16600.000000 16043.922954
16407.000000 15768.799342
16451.000000 16173.690320
16799.000000 16624.237117
17523.000000 17336.127548
19060.000000 17958.590268
20060.000000 19399.932623
20146.000000 19942.261566
20064.000000 19842.534790
19971.000000 19593.386551
19953.000000 19420.714870
19687.000000 19025.323965
19595.000000 18926.265665
19402.000000 19091.820695
19285.000000 19061.544894
19418.000000 19186.259423
19903.000000 19626.352518
20688.000000 20250.128236
20748.000000 20723.805490
20551.000000 20191.295143
20324.000000 19446.213494
19587.000000 18832.828217
18845.000000 17862.988123
17957.000000 17380.385646
17576.000000 16414.506147
17317.000000 16478.358310
17295.000000 16844.201097
17518.000000 17246.104501
18468.000000 18055.310300
19943.000000 18929.384750
20843.000000 19991.039290
20691.000000 20332.925739
20675.000000 19906.359350
20549.000000 19681.387247
20316.000000 19706.579078
19981.000000 19512.441123
19820.000000 19469.439490
19486.000000 19404.153251
19131.000000 19176.679883
19238.000000 19241.608036
19771.000000 19462.226136
20367.000000 19887.443324
20372.000000 20342.960575
20195.000000 19932.181439
19646.000000 19483.447902
18631.000000 18612.194039
17692.000000 17437.762216
18660.000000 17029.911759
18556.000000 17399.961666
18519.000000 17762.847195
18723.000000 17935.514039
19043.000000 18523.467289
19966.000000 19448.375180
21749.000000 20310.961703
22578.000000 21713.214952
22276.000000 22189.245788
21822.000000 21556.657127
21494.000000 20738.813879
20861.000000 20335.187821
20263.000000 19998.964644
19826.000000 19519.453728
19399.000000 19095.033335
19147.000000 18987.244795
19438.000000 19050.197363
20150.000000 19330.764247
21273.000000 19762.510960
21334.000000 20541.960839
21171.000000 20295.693585
20650.000000 19664.346705
19885.000000 18987.110451
18647.000000 18411.582206
17920.000000 18243.575387
17621.000000 17602.136472
17529.000000 17529.815824
17437.000000 17583.063829
17766.000000 17703.689822
18700.000000 18232.439913
20176.000000 19480.929069
21057.000000 20722.535938
20867.000000 21191.992648
20636.000000 20489.823678
20431.000000 19854.362908
20219.000000 19429.736840
19895.000000 19264.882986
19845.000000 19182.780919
19600.000000 19359.348321
19538.000000 19524.259670
19791.000000 19549.034324
20422.000000 20076.763502
21569.000000 20785.948821
21656.000000 21389.370972
21505.000000 21009.016765
21138.000000 20328.756388
20195.000000 19613.472695
19303.000000 18360.890400
18721.000000 17147.307682
18622.000000 17515.187407
18578.000000 18083.354951
18742.000000 18367.475109
19026.000000 18732.848116
20059.000000 19054.481173
21536.000000 19984.227990
22528.000000 21157.897415
22406.000000 21785.529012
22057.000000 21353.695441
21742.000000 20478.412323
21342.000000 20095.595964
20869.000000 20117.446550
20487.000000 19953.108978
20130.000000 19751.230582
20033.000000 19714.855040
20210.000000 19754.359954
20716.000000 20106.759400
21491.000000 20664.869668
21397.000000 21276.453373
21104.000000 20824.392066
20559.000000 20085.748959
19661.000000 19213.014021
18585.000000 18313.894066
14720.000000 17500.781039
14323.000000 14930.393983
14258.000000 14625.427974
14327.000000 15224.135814
14404.000000 15362.730521
14651.000000 15629.807235
15259.000000 16095.981250
16019.000000 16891.022302
16815.000000 17394.736727
17380.000000 17558.965275
17512.000000 17527.827909
17557.000000 17329.972584
17665.000000 17396.353015
17721.000000 17807.222180
17617.000000 18465.050058
17781.000000 18436.302042
18163.000000 18571.817065
19045.000000 19175.529325
20158.000000 19892.178590
20526.000000 20675.486754
20538.000000 20418.823606
20243.000000 19667.876264
19663.000000 18940.870964
19138.000000 17542.982749
16358.000000 16110.527953
15895.000000 14693.427338
15612.000000 14805.619991
15590.000000 15367.310220
15643.000000 15306.211788
15885.000000 15142.776933
16373.000000 15094.849613
16964.000000 15885.319182
17372.000000 16857.470495
17619.000000 17262.055276
17521.000000 16890.129433
17173.000000 16483.780361
16686.000000 16250.661444
16186.000000 16113.105049
15823.000000 16084.904920
15734.000000 15950.606125
16021.000000 16414.981727
16621.000000 17077.782593
17140.000000 17780.575541
16977.000000 18318.092337
16827.000000 17699.914070
16532.000000 17036.484287
15992.000000 16551.866864
15282.000000 15676.112938
18264.000000 15250.633919
18013.000000 16445.451867
17893.000000 17038.150609
18086.000000 17357.564801
18354.000000 18209.440321
19212.000000 19073.889097
20710.000000 19531.637540
21617.000000 20567.234220
21446.000000 20955.383692
21086.000000 20566.831638
20703.000000 19936.601009
20288.000000 19527.454495
19779.000000 18951.816678
19232.000000 18482.767901
18642.000000 17969.607817
18080.000000 17904.019099
18090.000000 17972.155107
18485.000000 17680.496270
19406.000000 17496.916526
19368.000000 17964.412708
19165.000000 17790.887477
18807.000000 17647.650026
18046.000000 17378.420779
17019.000000 17261.167762
16768.000000 18408.838171
16451.000000 16927.656247
16261.000000 16315.656308
16293.000000 16011.308591
16604.000000 16475.010586
17578.000000 17484.732597
19036.000000 18905.696208
20096.000000 20150.074788
20066.000000 20574.550408
19981.000000 20170.505127
19943.000000 20004.823458
19770.000000 20050.369382
19783.000000 19613.875555
19722.000000 19514.236594
19530.000000 19342.052673
19423.000000 19255.035903
19660.000000 19098.437047
20249.000000 19733.844220
21200.000000 20644.355844
21213.000000 21180.775097
21177.000000 20814.859919
20705.000000 20148.383363
19776.000000 19242.732506
18842.000000 18054.676294
17041.000000 16281.306588
16672.000000 16306.951960
16512.000000 16450.806037
16558.000000 16639.441006
16813.000000 16794.558553
17658.000000 16944.311653
19088.000000 17997.050595
20060.000000 19083.937634
19776.000000 19855.085066
19523.000000 19452.115576
19327.000000 18664.791352
19108.000000 18240.376195
18931.000000 18573.117097
18827.000000 18644.359924
18626.000000 18758.630935
18532.000000 18807.246131
18666.000000 18791.177903
19304.000000 19250.913521
19889.000000 19945.226062
19937.000000 20450.740682
19666.000000 20079.643532
19168.000000 19206.350273
18483.000000 18348.393396
17467.000000 17261.152244
16321.000000 15944.144622
15874.000000 15553.424269
15672.000000 15820.304957
15736.000000 16203.074317
16096.000000 16446.118210
17045.000000 16845.924100
18613.000000 17763.787795
19659.000000 18913.425642
19495.000000 19529.294659
19535.000000 19073.490120
19552.000000 18618.054944
19481.000000 18596.211325
19316.000000 18695.364511
19089.000000 18871.505934
18759.000000 18866.032805
18531.000000 18701.041683
18711.000000 18676.653112
19322.000000 18916.851430
20188.000000 19281.932855
20080.000000 19906.879937
19989.000000 19331.028516
19574.000000 18863.590747
18577.000000 18301.856298
17735.000000 17036.682842
15562.000000 16523.337267
15351.000000 14758.278942
15202.000000 14738.124529
15205.000000 15190.647138
15505.000000 15503.107396
16403.000000 16148.546733
17699.000000 17047.049742
18871.000000 18270.750709
19073.000000 19175.898006
19239.000000 19092.622702
19311.000000 18811.487950
19169.000000 18747.132781
19103.000000 18577.818611
18949.000000 18684.938000
18812.000000 18731.766176
18602.000000 18729.169534
18772.000000 18853.255509
19352.000000 19279.537035
19843.000000 19967.365905
19812.000000 20124.685205
19512.000000 19633.644824
19008.000000 18743.976398
18054.000000 17754.122266
17041.000000 16543.793377
15981.000000 15399.469687
15510.000000 14930.632249
15319.000000 15019.101903
15214.000000 15360.475986
15349.000000 15595.434560
15496.000000 16052.560754
15937.000000 16295.836711
16743.000000 16894.680187
17550.000000 17505.513234
17949.000000 17702.619191
18056.000000 17549.954588
18229.000000 17474.128409
18345.000000 17816.353753
18258.000000 18272.739570
18014.000000 18468.338893
17910.000000 18388.217048
18122.000000 18498.522863
18572.000000 18661.769892
19070.000000 18878.498895
18633.000000 19294.638880
18381.000000 18475.166582
17744.000000 17721.567885
16946.000000 16946.896375
16214.000000 16002.598675
16686.000000 15877.227405
16233.000000 15641.259609
16117.000000 15617.481110
16050.000000 15711.216983
16211.000000 15874.677796
16595.000000 16083.328234
17194.000000 16415.411423
17976.000000 17290.085248
18452.000000 18387.994751
18640.000000 18615.154967
18438.000000 18384.786168
18031.000000 18162.065045
17479.000000 17693.432337
16977.000000 17331.080087
16364.000000 16897.105651
16122.000000 16707.110460
16353.000000 16581.249489
17411.000000 16711.380594
18263.000000 17457.221553
18344.000000 18033.737647
18351.000000 17911.611432
17938.000000 17641.531893
17422.000000 17321.714604
16639.000000 16969.308272
15981.000000 16684.171576
15627.000000 15762.425520
15370.000000 15428.812458
15540.000000 15293.466394
15806.000000 15663.776710
16811.000000 16295.108045
18382.000000 17371.471087
19520.000000 18710.726844
19513.000000 19664.200129
19438.000000 19615.803785
19360.000000 19143.546335
19059.000000 18634.823088
18890.000000 18034.345090
18638.000000 17847.921160
18266.000000 17803.168044
17919.000000 17763.313252
17995.000000 17809.511228
18751.000000 18416.482618
19564.000000 19124.717640
19379.000000 19648.407822
19182.000000 18926.670793
18917.000000 18234.349296
18244.000000 17680.307568
17333.000000 16739.825506
17189.000000 15597.668172
16828.000000 15978.977732
16692.000000 16290.668743
16673.000000 16699.623280
16981.000000 17120.797291
17803.000000 17824.207324
19363.000000 18929.400184
20293.000000 19731.045314
20047.000000 20031.292886
19854.000000 19526.702533
19727.000000 19063.547568
19443.000000 18926.348195
19203.000000 19010.881233
19067.000000 18941.907824
18981.000000 18837.780972
18790.000000 18776.210812
18910.000000 18841.354199
19436.000000 19100.111869
19788.000000 19691.304544
19572.000000 19826.572930
19295.000000 19236.627136
18807.000000 18707.520302
17838.000000 17858.515519
16803.000000 16878.954291
17307.000000 16180.287626
16915.000000 16571.161328
16913.000000 16766.218453
16987.000000 16809.535864
17450.000000 17261.108048
18473.000000 17909.034325
20167.000000 19079.333250
21137.000000 20350.511912
20915.000000 21011.439643
20247.000000 20398.745803
19790.000000 19446.023080
19120.000000 19055.946924
18774.000000 18733.292600
18347.000000 18600.603111
17983.000000 18313.270364
17799.000000 18177.041031
18105.000000 18033.906432
19000.000000 18148.520191
20100.000000 18786.739887
20123.000000 19695.214694
19967.000000 19446.358660
19565.000000 18896.798684
18698.000000 18242.654778
17742.000000 17533.424428
14523.000000 17008.716509
14274.000000 14832.732001
14144.000000 14536.907833
14227.000000 14899.202489
14426.000000 15089.471041
15378.000000 15514.875073
17223.000000 16566.157817
18552.000000 18136.638971
18525.000000 19092.929235
18640.000000 18516.502228
18765.000000 18063.879009
18787.000000 17917.223205
18821.000000 18049.272681
18715.000000 18299.726256
18459.000000 18581.080258
18518.000000 18555.072575
18799.000000 18729.880848
19659.000000 19489.750535
20336.000000 20567.190720
20302.000000 20739.017168
20039.000000 19960.266481
19625.000000 19010.824390
18914.000000 18245.069961
17945.000000 16831.614788
13495.000000 14767.433799
13203.000000 12701.524948
13009.000000 12869.190851
13253.000000 13808.091341
13374.000000 13949.342505
14013.000000 14240.426995
15085.000000 14845.873857
16127.000000 15952.131354
16384.000000 16736.246408
16722.000000 16841.552058
16929.000000 16491.351787
17013.000000 16469.082346
16837.000000 16693.509862
16825.000000 16987.841231
16783.000000 17402.586645
16697.000000 17381.619403
16806.000000 17705.339625
17450.000000 18146.629223
17788.000000 18772.212569
17710.000000 19017.881667
17452.000000 18266.588052
17051.000000 17377.195926
16180.000000 16583.155165
15254.000000 14905.646338
13130.000000 13736.011291
12673.000000 12029.325757
12576.000000 12279.574942
12467.000000 13141.764042
12530.000000 13328.990182
12670.000000 13693.445003
13112.000000 13423.754779
13746.000000 14134.122765
14303.000000 14778.051997
14688.000000 14978.572125
14717.000000 14881.882410
14792.000000 14832.389929
14874.000000 14795.304658
14765.000000 15304.155622
14647.000000 15500.885637
14573.000000 15357.670556
14766.000000 15692.487025
15609.000000 15843.065434
15999.000000 16426.252290
15838.000000 16711.928427
15648.000000 16049.161072
15325.000000 15435.718866
14786.000000 14795.605904
14026.000000 14128.773753
13773.000000 14299.206846
13370.000000 12963.517183
13104.000000 12822.618447
12970.000000 12886.171664
13021.000000 13251.428914
13324.000000 13661.132978
13727.000000 13630.262175
14460.000000 14315.749516
15116.000000 15122.842474
15704.000000 15489.653393
15998.000000 15704.762567
15966.000000 15962.432826
15736.000000 15772.401103
15477.000000 15660.706860
15133.000000 15490.903751
15123.000000 15436.399622
15374.000000 15698.436019
16008.000000 15941.504428
16259.000000 16300.691060
16044.000000 16392.694449
15689.000000 15925.378336
15254.000000 15442.561706
14587.000000 15018.867102
13802.000000 14439.932287
15518.000000 14201.693450
14987.000000 14712.502214
14787.000000 14514.183555
14644.000000 14356.539848
14902.000000 14692.179462
15521.000000 15383.222289
17220.000000 16070.191540
18226.000000 17501.632283
18205.000000 18514.206568
18053.000000 18423.655457
18018.000000 18146.391000
17891.000000 17913.886601
17608.000000 17557.745604
17515.000000 17231.568103
17263.000000 17016.560206
17032.000000 17270.642436
17116.000000 17329.544790
17530.000000 17291.618628
17565.000000 17556.346537
17236.000000 17444.506852
16833.000000 16767.064227
16469.000000 16249.642174
15654.000000 15758.218976
14629.000000 15366.497078
17313.000000 14977.253086
17056.000000 16543.708722
16919.000000 16794.890250
16994.000000 16479.862337
17455.000000 17046.060216
18393.000000 17974.508085
20095.000000 19603.326769
21079.000000 20511.355438
20587.000000 20811.854823
20110.000000 19954.082020
19548.000000 19437.154713
18895.000000 19187.363079
18246.000000 18952.129866
17968.000000 18445.546617
17634.000000 17887.228498
17454.000000 17736.454183
17745.000000 17506.262531
18761.000000 17625.351711
19240.000000 18264.493066
19103.000000 18579.142881
18898.000000 18306.833668
18407.000000 18078.998524
17325.000000 17407.690764
16304.000000 16792.549721
16866.000000 16257.748247
16473.000000 17169.472463
16332.000000 16980.567060
16373.000000 16708.719905
16647.000000 16969.872616
17676.000000 17427.733881
19266.000000 18804.643297
20358.000000 19945.227008
20148.000000 20640.424077
19776.000000 19945.879999
19533.000000 19004.482968
19098.000000 18493.362301
18813.000000 18551.941584
18522.000000 18425.633446
18249.000000 18352.607429
17878.000000 18507.163540
18292.000000 18202.658554
19442.000000 18675.047536
20294.000000 19655.670463
20242.000000 20030.589917
20228.000000 19578.027940
19949.000000 18994.010492
19058.000000 18432.409743
18027.000000 17737.981981
16010.000000 16217.422383
15561.000000 15936.481726
15335.000000 15904.641929
15289.000000 16006.913146
15502.000000 15932.284617
16512.000000 16078.990873
18087.000000 17248.025929
19111.000000 18492.829748
18860.000000 19398.785917
18739.000000 18809.573432
18802.000000 18110.291598
18694.000000 17775.577327
18717.000000 18062.435900
18611.000000 18197.672971
18428.000000 18371.669186
18337.000000 18377.359887
18660.000000 18575.546577
19628.000000 19297.946064
20276.000000 20489.517117
20153.000000 20807.567250
19930.000000 20151.894568
19502.000000 19335.439097
18469.000000 18507.593837
17565.000000 16964.573904
13687.000000 15196.347980
13308.000000 13321.098557
13200.000000 13319.533184
13268.000000 14065.217891
13685.000000 14208.626031
14821.000000 14665.937460
16672.000000 15665.402767
17895.000000 17186.410216
17930.000000 18187.440241
17992.000000 18003.892434
17982.000000 17564.626668
17843.000000 17463.667911
17604.000000 17554.273625
17412.000000 17635.770861
17132.000000 17769.607581
16990.000000 17591.308567
17304.000000 17641.759547
18304.000000 18240.714618
19163.000000 19301.842199
19132.000000 19862.550892
18928.000000 19162.513098
18390.000000 18252.940647
17707.000000 17388.146495
16833.000000 15967.469697
13253.000000 14547.606323
12895.000000 12202.671147
12820.000000 12342.400330
12796.000000 13327.718129
12854.000000 13656.027129
13119.000000 14201.743049
13629.000000 14411.901585
14265.000000 15008.688753
14946.000000 15344.770682
15274.000000 15389.152451
15222.000000 15115.035976
15274.000000 14940.700438
15378.000000 14985.444270
15534.000000 15632.319407
15632.000000 16248.410253
15665.000000 16378.862728
15867.000000 16862.280574
16618.000000 17335.789058
16808.000000 18060.307532
16601.000000 18028.884683
16356.000000 17016.958638
15816.000000 16052.501168
15054.000000 15290.316575
14204.000000 14053.697070
12759.000000 13618.424997
12334.000000 12062.645969
12054.000000 12107.603911
11962.000000 12531.343938
12018.000000 12635.935950
12255.000000 12923.401854
12866.000000 12591.025494
13557.000000 13574.595294
14260.000000 14579.677617
14860.000000 14877.988124
15213.000000 14911.101132
15161.000000 15206.871951
14920.000000 15211.640669
14823.000000 15360.963816
14511.000000 15491.112029
14322.000000 15256.065998
14565.000000 15273.850529
15327.000000 15312.149773
15751.000000 15744.496212
15683.000000 16195.519642
15507.000000 15756.978451
15113.000000 15334.214286
14559.000000 14773.538582
13808.000000 14137.479948
13960.000000 14114.510086
13383.000000 13186.097762
13093.000000 12817.353377
13060.000000 12757.228127
13269.000000 13158.577533
14044.000000 13873.219214
15596.000000 14505.173200
16710.000000 15991.846549
16602.000000 17024.886500
16593.000000 17031.055230
16639.000000 16946.331353
16588.000000 16767.558098
16446.000000 16235.541464
16354.000000 16017.412516
15996.000000 15924.085538
15780.000000 15980.697597
15875.000000 16229.757427
16251.000000 16463.970767
16403.000000 16849.436898
16134.000000 16756.223548
15893.000000 16055.920413
15384.000000 15568.050191
14556.000000 14932.018417
13580.000000 14155.715105
15415.000000 13630.079827
15047.000000 14444.907681
14884.000000 14718.906913
14880.000000 14741.036726
15219.000000 15396.702456
16155.000000 16358.519075
17829.000000 17577.107063
18851.000000 18666.130674
18658.000000 18890.382459
18133.000000 18322.921602
17688.000000 17802.629998
17134.000000 17714.307577
16806.000000 17508.285529
16596.000000 17148.821138
16311.000000 16722.701700
16121.000000 16648.730566
16376.000000 16525.000297
17272.000000 16589.957702
17686.000000 17181.210349
17539.000000 17441.786912
17324.000000 17084.841324
16875.000000 16709.204364
15778.000000 16035.410541
14787.000000 15353.603388
15920.000000 15064.207637
15653.000000 15919.056924
15620.000000 15907.632896
15600.000000 15690.030218
15996.000000 16064.498932
16995.000000 16741.448847
18571.000000 18112.494683
19655.000000 19267.276406
19424.000000 20006.161824
18925.000000 19143.352275
18201.000000 18147.852719
17642.000000 17445.382902
17071.000000 17341.767641
16701.000000 17084.390431
16211.000000 16823.880581
15875.000000 16719.762366
16040.000000 16428.745353
17123.000000 16680.349881
18112.000000 17469.160319
18256.000000 18049.575281
18279.000000 17782.923493
17995.000000 17447.334209
17134.000000 16878.542879
16114.000000 16340.031200
13889.000000 15353.040394
13590.000000 14616.136361
13478.000000 14483.556319
13524.000000 14606.752510
13860.000000 14675.551636
14803.000000 14936.611101
16385.000000 16127.179927
17439.000000 17423.083005
17564.000000 18288.149243
17524.000000 17919.501233
17516.000000 17165.004834
17205.000000 16742.614709
16876.000000 16635.071950
16510.000000 16586.260952
16251.000000 16623.749354
15971.000000 16561.848100
16260.000000 16442.217598
17494.000000 17144.476917
18344.000000 18601.198178
18585.000000 19158.446632
18600.000000 18749.442067
18337.000000 18065.844324
17462.000000 17355.927304
16660.000000 15892.161643
12320.000000 14021.328743
11937.000000 12100.842786
11552.000000 12156.925829
11418.000000 12817.821168
11431.000000 12667.421527
11666.000000 12792.575342
11990.000000 13097.370348
12486.000000 13475.997819
12899.000000 13989.634793
13536.000000 14054.818352
14060.000000 13979.573875
14441.000000 13840.829991
14587.000000 14250.851150
14569.000000 14734.897353
14552.000000 15402.863679
14663.000000 15521.519629
15009.000000 16077.223836
15982.000000 16811.114800
16293.000000 17764.346282
16263.000000 18011.817184
16204.000000 17317.783774
15848.000000 16517.974098
15243.000000 15643.177161
