15142.000000 16020.322572
15480.000000 15866.369849
15732.000000 15801.911822
15098.000000 15628.619230
14078.000000 14581.536142
11787.000000 12939.139969
11289.000000 11456.121475
11162.000000 11431.253448
11121.000000 12016.073470
11222.000000 11677.212017
11289.000000 11471.990660
11335.000000 11396.442822
11891.000000 11710.214269
12608.000000 12712.691851
13003.000000 13716.849116
13253.000000 13963.437879
13201.000000 13995.849483
13232.000000 13756.857810
13301.000000 13615.329338
13303.000000 13782.274691
13397.000000 13745.847966
13554.000000 14114.972982
13677.000000 14648.685268
13562.000000 14858.587723
13445.000000 14622.289022
13452.000000 14248.292309
13819.000000 13921.002711
13357.000000 14116.886377
12606.000000 13560.059986
12505.000000 12452.980518
11879.000000 12047.800512
11583.000000 11874.262772
11457.000000 12122.054220
11444.000000 12278.332627
11635.000000 12515.918828
11769.000000 12797.543546
12340.000000 13019.699655
13065.000000 13413.252475
13494.000000 13888.036862
13763.000000 13997.691985
13683.000000 14108.544815
13703.000000 14081.507519
13621.000000 14123.044049
13525.000000 14157.087525
13587.000000 14079.121535
13674.000000 14284.917418
13745.000000 14420.309985
13573.000000 14375.634441
13479.000000 13886.793343
13534.000000 13531.879709
13972.000000 13608.943408
13363.000000 14180.759384
12534.000000 13851.182332
13307.000000 13160.039482
12764.000000 13200.805126
12456.000000 12825.936841
12485.000000 12539.825072
12591.000000 12896.420759
13406.000000 13271.239851
14619.000000 14002.695783
15425.000000 15245.187402
15592.000000 15971.850592
15657.000000 16100.508954
15856.000000 16020.472216
15678.000000 16041.008926
15743.000000 15964.357581
15703.000000 15757.859115
15715.000000 15531.848646
15489.000000 15566.114174
15277.000000 15514.354530
15069.000000 15492.343543
14643.000000 15503.135231
14625.000000 15011.582170
14870.000000 14690.883076
15079.000000 14927.991210
14491.000000 15030.601387
13390.000000 14310.603126
13394.000000 13355.615897
13044.000000 13405.011793
12895.000000 13386.611947
12859.000000 13322.274756
13121.000000 13753.182997
14043.000000 14319.498121
15392.000000 15438.415948
16172.000000 16578.228623
16214.000000 16835.773724
16130.000000 16642.049238
16167.000000 16520.878460
16019.000000 16547.794611
15968.000000 16629.563000
16034.000000 16483.490955
15879.000000 16347.205864
15744.000000 16057.644035
15749.000000 15858.936078
15563.000000 16005.417207
15426.000000 16042.650676
15316.000000 15846.692600
15640.000000 15656.042262
16138.000000 15885.676782
15259.000000 16020.582864
14107.000000 14747.841538
13322.000000 13356.822083
12925.000000 13267.746837
12663.000000 13478.956197
12732.000000 13504.152947
12862.000000 13766.041041
13693.000000 13927.470955
14942.000000 14817.370148
15838.000000 16012.464411
15955.000000 16563.051457
15960.000000 16439.649131
16086.000000 16188.798321
15967.000000 16251.736174
15984.000000 16277.860244
15970.000000 16182.620168
15823.000000 16008.302983
15583.000000 15992.476767
15542.000000 15963.078630
15365.000000 16111.569975
15358.000000 16155.941311
15250.000000 15914.570551
15582.000000 15654.234274
15972.000000 15857.491222
15367.000000 15849.910547
14260.000000 14823.022528
13249.000000 13370.650741
12901.000000 12978.092667
12582.000000 13225.152391
12639.000000 13427.227874
12817.000000 13577.883840
13464.000000 13701.834755
14963.000000 14433.494582
15680.000000 15924.324040
16098.000000 16506.691431
16056.000000 16533.771319
16107.000000 16335.177398
16106.000000 16267.212633
16092.000000 16337.168438
16120.000000 16173.972340
15959.000000 16056.240000
15684.000000 15917.264946
15675.000000 15879.213977
15560.000000 16142.220302
15481.000000 16293.857067
15523.000000 15992.632794
15814.000000 15738.733979
16039.000000 15832.045103
15198.000000 15949.121514
14177.000000 14759.423074
12586.000000 13424.791254
12417.000000 12407.232548
12207.000000 12604.209125
12383.000000 13052.498361
12722.000000 13287.113291
13646.000000 13620.106871
14976.000000 14632.021701
15887.000000 16003.318611
15934.000000 16845.254021
15911.000000 16576.464381
16046.000000 16219.773554
15943.000000 16278.038429
15956.000000 16160.539927
15907.000000 16079.588250
15653.000000 15934.432521
15480.000000 15746.634480
15381.000000 15837.188691
15268.000000 16109.554476
15227.000000 16175.953543
15292.000000 15953.547457
15889.000000 15603.324093
16064.000000 15760.604711
15142.000000 15686.445238
14034.000000 14497.779226
12137.000000 13072.003037
11521.000000 11961.555008
11384.000000 11951.269387
11242.000000 12615.796756
11151.000000 12641.442139
11316.000000 12574.392177
11393.000000 12784.646737
11738.000000 13185.144518
12530.000000 13398.301856
13010.000000 13824.294205
13331.000000 13959.474584
13420.000000 14048.640226
13397.000000 14125.887657
13407.000000 14089.040511
13280.000000 14220.851154
13275.000000 14177.629455
13380.000000 14306.108524
13578.000000 14653.333574
13526.000000 14856.693282
13739.000000 14653.898762
14160.000000 14714.287236
14580.000000 14771.597274
13929.000000 14793.507881
13196.000000 13802.481755
12916.000000 12720.450765
12445.000000 12510.901717
12172.000000 12606.443069
12244.000000 12700.305998
12196.000000 12595.733617
12574.000000 12375.314516
12826.000000 12607.185075
13428.000000 13258.818096
14097.000000 14175.705237
14375.000000 14802.172659
14468.000000 14736.251338
14268.000000 14603.740056
14123.000000 14320.468208
13980.000000 14013.189607
13934.000000 13859.964403
13859.000000 13998.977336
13899.000000 14276.196924
13960.000000 14560.819458
13866.000000 14616.942161
13769.000000 14344.078989
13940.000000 14051.689496
14259.000000 14209.114319
13689.000000 14508.666978
12910.000000 13986.723617
13507.000000 13257.555564
13011.000000 13390.501942
12678.000000 13174.630773
12594.000000 13030.872725
12826.000000 13278.619761
13533.000000 13788.810108
14891.000000 14541.166003
15539.000000 15778.022250
15839.000000 16246.650854
16019.000000 16279.659970
16220.000000 16257.770718
16166.000000 16267.625499
16150.000000 16292.223170
16013.000000 16086.447848
15864.000000 15916.421815
15611.000000 15857.206820
15470.000000 15779.633377
15174.000000 15765.278265
14970.000000 15635.209659
14738.000000 15098.760108
14961.000000 14704.718056
15409.000000 14965.590981
14809.000000 15382.844160
13929.000000 14635.369085
13323.000000 13782.280433
12788.000000 13337.049857
12577.000000 13072.062462
12601.000000 13012.614913
12730.000000 13491.170247
13545.000000 13893.633780
14826.000000 14906.528657
15527.000000 15993.208159
15760.000000 16365.203114
15781.000000 16449.436982
16030.000000 16435.191563
15981.000000 16552.306909
16109.000000 16577.812650
16122.000000 16485.154720
15974.000000 16327.813371
15714.000000 16142.925643
15799.000000 15880.199210
15724.000000 16067.317205
15743.000000 16275.248153
15941.000000 16181.099738
16283.000000 16238.326566
16254.000000 16542.320417
15276.000000 16208.502697
14257.000000 14812.526646
13143.000000 13385.681178
12680.000000 12943.863937
12432.000000 12971.853539
12475.000000 13108.287418
12785.000000 13294.758023
13550.000000 13657.352142
14894.000000 14568.352835
15683.000000 15881.374751
15864.000000 16440.468736
15998.000000 16320.751497
16106.000000 16253.361506
16073.000000 16310.025823
16019.000000 16367.443934
16064.000000 16145.537675
15938.000000 16024.976497
15658.000000 15986.834701
15713.000000 16039.522777
15654.000000 16437.501728
15705.000000 16657.285779
15661.000000 16498.924174
16194.000000 16110.888729
16106.000000 16075.880686
15211.000000 15713.116027
14097.000000 14497.895348
13684.000000 13268.640903
13287.000000 13245.857732
13115.000000 13464.536796
13094.000000 13774.202178
13427.000000 13957.871134
14316.000000 14270.360895
15641.000000 15245.493931
16189.000000 16542.320309
16124.000000 16922.791790
16214.000000 16542.778010
16199.000000 16299.773791
16166.000000 16310.967006
16049.000000 16275.251036
15930.000000 16112.262422
15883.000000 15953.165412
15662.000000 15970.861869
15697.000000 16074.264211
15523.000000 16303.792802
15431.000000 16268.987801
15302.000000 15805.669314
15644.000000 15518.571357
16130.000000 15624.698411
15154.000000 15820.118021
13924.000000 14615.570577
12793.000000 13503.158490
12531.000000 12870.314628
12455.000000 13083.096419
12351.000000 13460.942167
12795.000000 13513.620372
13687.000000 13862.196158
15173.000000 14764.651420
15977.000000 16131.638024
16313.000000 16757.106370
16638.000000 16724.351683
16755.000000 16757.515077
16721.000000 16846.777313
16654.000000 16779.874430
16590.000000 16675.386207
16322.000000 16549.049016
16001.000000 16395.743769
15964.000000 16220.326157
15912.000000 16350.844721
15762.000000 16394.324565
15880.000000 16065.232924
16275.000000 15916.389414
16366.000000 16301.980405
15503.000000 16036.765082
14498.000000 14676.664024
12044.000000 13365.197344
11581.000000 11931.275274
11333.000000 11908.851487
11257.000000 12316.674429
11308.000000 12356.571704
11374.000000 12486.387238
11790.000000 12922.747748
12232.000000 13599.038313
13200.000000 14113.038699
13659.000000 14588.569249
13753.000000 14725.891282
13816.000000 14623.259374
13923.000000 14504.533268
13876.000000 14557.575842
13590.000000 14589.015328
13422.000000 14447.699466
13370.000000 14501.376304
13506.000000 14811.039609
13652.000000 14988.621947
13919.000000 14986.226073
14532.000000 14931.712711
14718.000000 15047.422912
14060.000000 14928.040106
13367.000000 13910.962924
12922.000000 12631.830538
12253.000000 12394.566704
11858.000000 12338.324230
11773.000000 12530.404166
11923.000000 12289.793549
12048.000000 12290.214580
12449.000000 12537.294759
13026.000000 13124.487384
13754.000000 13994.710240
14258.000000 14497.686975
14247.000000 14649.171379
14245.000000 14458.460884
14187.000000 14313.116502
14039.000000 14101.017775
13961.000000 13891.827719
13834.000000 13913.311348
13902.000000 14156.498790
13816.000000 14473.575627
13721.000000 14625.810628
13599.000000 14370.962463
13896.000000 14104.368249
14157.000000 14165.300200
13610.000000 14371.803306
12768.000000 13825.940220
13346.000000 13139.038883
12970.000000 13067.329753
12707.000000 12934.437088
12622.000000 12950.291243
12742.000000 13220.890873
13509.000000 13605.035933
14762.000000 14315.603872
15513.000000 15547.650931
15682.000000 16201.525480
15914.000000 16236.047327
16103.000000 16205.535660
16037.000000 16172.836795
16084.000000 16073.689393
15990.000000 16017.131677
15788.000000 15900.927463
15537.000000 15771.907922
15485.000000 15690.816486
15168.000000 15701.687577
15063.000000 15531.998957
15015.000000 15094.137855
15401.000000 14861.468474
15467.000000 15320.108051
14653.000000 15410.767038
13659.000000 14428.799594
13455.000000 13640.133846
12865.000000 13537.494432
12590.000000 13244.414073
12585.000000 12994.738045
12858.000000 13373.312507
13527.000000 14011.978840
14883.000000 14906.620030
15677.000000 16059.559699
15966.000000 16508.153879
16130.000000 16557.998312
16264.000000 16678.479514
16416.000000 16699.282560
16452.000000 16880.864667
16461.000000 16791.889627
16379.000000 16524.055606
16177.000000 16458.770905
16264.000000 16342.085971
16222.000000 16559.417692
16154.000000 16745.614988
16045.000000 16558.734416
16352.000000 16343.384535
16310.000000 16480.723493
15256.000000 16120.714774
14202.000000 14662.462439
13156.000000 13371.805824
12699.000000 12927.720662
12341.000000 12998.422741
12268.000000 13047.678043
12454.000000 13185.588701
13404.000000 13380.486940
14797.000000 14477.727365
15600.000000 15860.972358
15798.000000 16467.868136
15855.000000 16366.553958
16217.000000 16220.004553
16329.000000 16514.999460
16438.000000 16650.022978
16677.000000 16599.651839
16659.000000 16682.382789
16532.000000 16800.080300
16453.000000 16879.056337
16349.000000 17129.862538
16153.000000 17125.863573
16081.000000 16666.168126
16563.000000 16272.982089
16645.000000 16478.387344
15673.000000 16207.586634
14342.000000 14827.915622
12937.000000 13318.086201
12448.000000 12651.663377
12197.000000 12702.044678
12255.000000 12952.866494
12504.000000 13120.995590
13428.000000 13457.990766
14913.000000 14404.812881
15632.000000 15824.210089
15691.000000 16445.539639
15731.000000 16232.603405
15996.000000 16103.161870
15990.000000 16321.141728
16165.000000 16446.102679
16280.000000 16492.329917
16313.000000 16496.688764
16210.000000 16474.054671
16144.000000 16488.282669
15956.000000 16720.792490
15930.000000 16710.247146
15735.000000 16466.693630
16077.000000 16114.909221
16300.000000 16129.070281
15456.000000 15985.274678
14110.000000 14592.004301
12267.000000 13077.441418
12057.000000 11962.967334
11888.000000 12326.024531
11968.000000 12944.368963
12338.000000 13055.153573
13290.000000 13359.529839
14771.000000 14340.462082
15604.000000 15760.385721
15835.000000 16432.888047
15740.000000 16321.675773
15875.000000 16061.396069
15848.000000 16175.327793
15950.000000 16203.106777
15958.000000 16172.745418
15971.000000 16161.297034
15760.000000 16103.881143
15761.000000 16167.866397
15724.000000 16425.847446
15689.000000 16523.834425
15583.000000 16190.037539
16024.000000 15731.146141
16269.000000 15833.188300
15119.000000 15857.321766
13826.000000 14385.461725
12017.000000 12784.070305
11677.000000 11727.636303
11369.000000 11972.000962
11230.000000 12501.066828
11144.000000 12449.951687
11282.000000 12470.499432
11531.000000 12804.934884
11991.000000 13321.241735
12782.000000 13727.069596
13198.000000 13981.519086
13349.000000 13974.593043
13330.000000 14055.174270
13440.000000 14094.428222
13355.000000 14210.413838
13298.000000 14257.265075
13307.000000 14243.897286
13481.000000 14507.834798
13460.000000 14848.056944
13588.000000 14854.361756
13693.000000 14681.535730
14082.000000 14514.356017
14494.000000 14535.922939
13847.000000 14601.033589
13001.000000 13720.817120
12650.000000 12641.577058
12068.000000 12396.868845
11914.000000 12365.331499
11727.000000 12581.195297
11644.000000 12271.153108
11938.000000 11947.164828
12466.000000 12179.799972
12844.000000 13110.876471
13596.000000 13840.974620
14144.000000 14398.421691
14482.000000 14548.960086
14469.000000 14592.575132
14320.000000 14509.969567
14292.000000 14195.728257
14192.000000 14137.031531
14101.000000 14292.262859
14164.000000 14510.877945
14081.000000 14684.315647
13908.000000 14720.619421
13940.000000 14302.000365
14198.000000 14129.318893
14221.000000 14378.626944
13640.000000 14566.512273
12816.000000 13873.703034
13049.000000 12999.701849
12487.000000 12816.281886
12200.000000 12667.622856
12089.000000 12523.074429
12366.000000 12667.463830
13149.000000 13150.681062
14661.000000 14049.077199
15369.000000 15438.560208
15513.000000 16088.122037
15726.000000 16173.770527
15932.000000 16289.761594
16097.000000 16315.432212
16233.000000 16320.305910
16354.000000 16241.094115
16424.000000 16125.209938
16190.000000 16240.252255
16094.000000 16243.601955
15742.000000 16357.372072
15492.000000 16173.354864
15275.000000 15673.500282
15493.000000 15272.158208
15611.000000 15358.411752
14782.000000 15396.629106
13542.000000 14417.739257
13230.000000 13250.730842
12982.000000 13000.820872
12869.000000 13091.878859
12878.000000 13244.265691
13150.000000 13667.137152
14026.000000 14209.247551
15558.000000 15360.317506
16082.000000 16650.946500
16064.000000 16750.266920
15883.000000 16409.180950
15849.000000 16316.138387
15835.000000 16414.886362
15815.000000 16594.499408
15814.000000 16505.782393
15658.000000 16300.054425
15481.000000 16066.682829
15438.000000 15891.775323
15279.000000 15974.982573
15180.000000 15995.215302
15309.000000 15683.680130
15872.000000 15613.402761
16061.000000 16061.941407
15087.000000 15856.758838
13835.000000 14485.139353
14518.000000 13212.417643
14181.000000 14226.148780
14090.000000 14709.337356
14154.000000 14683.626874
14551.000000 14909.422171
15461.000000 15271.562191
17008.000000 16248.226934
17460.000000 17625.730785
17278.000000 17830.524592
16863.000000 17166.934426
16522.000000 16667.021037
16242.000000 16417.159548
16083.000000 16433.803442
15843.000000 16108.780409
15648.000000 15549.511048
15365.000000 15549.820459
15260.000000 15602.919403
15085.000000 15710.001118
14991.000000 15745.787611
15086.000000 15427.217043
15822.000000 15287.911793
15974.000000 15847.724174
15179.000000 15794.952746
14044.000000 14705.709377
13684.000000 13864.249110
13291.000000 13905.478638
13225.000000 14216.713418
13286.000000 14360.714513
13662.000000 14563.587224
14574.000000 14772.494002
16222.000000 15732.577046
16926.000000 17287.994931
17045.000000 17665.586035
17003.000000 17180.951559
17125.000000 16902.019885
16897.000000 16930.472440
16685.000000 16906.620321
16527.000000 16530.328904
16233.000000 16267.093502
15917.000000 16189.304786
15979.000000 16046.200146
16013.000000 16261.738867
15987.000000 16421.809530
16198.000000 16182.603859
16854.000000 16227.982330
17060.000000 16852.433711
16180.000000 16753.654520
15203.000000 15302.754693
12305.000000 13959.668872
11853.000000 12356.089434
11870.000000 12357.534532
11968.000000 12955.860698
12245.000000 13051.280581
13186.000000 13212.343932
14846.000000 14296.274150
15530.000000 15983.979079
15848.000000 16701.393294
16032.000000 16655.200308
16302.000000 16572.839063
16246.000000 16542.849234
16141.000000 16262.336060
15967.000000 16016.906332
15912.000000 15952.639060
15654.000000 16030.712853
15684.000000 16139.122309
15565.000000 16681.858569
15584.000000 16807.825094
15718.000000 16584.549213
16310.000000 16411.008225
16279.000000 16624.174549
15443.000000 16061.067677
14332.000000 14533.505311
12068.000000 12645.008942
11436.000000 11375.927137
11411.000000 11554.088047
11190.000000 12535.717472
11144.000000 12437.992362
11302.000000 12416.452685
11521.000000 12870.590208
11873.000000 13225.712461
12638.000000 13553.393158
13143.000000 13843.892972
13237.000000 13961.647664
13341.000000 13945.646127
13391.000000 13926.463545
13387.000000 13980.820068
13444.000000 14216.499885
13420.000000 14251.313215
13434.000000 14568.371274
13604.000000 14865.533191
13693.000000 15055.695912
13794.000000 14825.861739
14547.000000 14648.125467
14518.000000 14812.363594
13786.000000 14609.889474
12934.000000 13640.693477
13190.000000 12773.932390
12445.000000 12705.922549
12085.000000 12568.678908
11814.000000 12620.377817
11832.000000 12292.130214
11899.000000 12177.698483
12241.000000 12209.275156
12660.000000 12890.590029
13536.000000 13615.993334
14153.000000 14155.712154
14483.000000 14353.441183
14601.000000 14618.573146
14637.000000 14709.228719
14597.000000 14539.633721
14563.000000 14438.992799
14397.000000 14624.123080
14328.000000 14800.510360
14276.000000 14884.004369
14213.000000 14831.283226
13955.000000 14491.618560
14191.000000 14186.843901
14295.000000 14286.318031
13570.000000 14456.831115
12642.000000 13825.035250
13272.000000 13311.390698
12716.000000 13226.366128
12433.000000 12816.843225
12307.000000 12535.097499
12473.000000 12727.756689
13173.000000 13084.162712
14575.000000 13913.125493
15330.000000 15301.381581
15584.000000 16139.057814
15811.000000 16308.180081
16083.000000 16464.781281
16423.000000 16550.050186
16564.000000 16707.142869
16742.000000 16582.760240
16769.000000 16493.401712
16522.000000 16646.258344
16491.000000 16506.152243
16260.000000 16565.802922
16062.000000 16509.402023
15731.000000 16011.554796
15954.000000 15491.869973
16020.000000 15826.994358
15250.000000 15780.122630
14084.000000 14744.363453
13144.000000 13655.736904
12599.000000 13074.475276
12394.000000 12842.202590
12272.000000 12765.186878
12483.000000 13066.895602
13244.000000 13618.872906
14781.000000 14652.759328
15338.000000 15899.017151
15598.000000 16181.515884
15733.000000 16201.966558
15956.000000 16395.125791
16036.000000 16626.279690
16211.000000 16794.753262
16443.000000 16862.126171
16538.000000 16905.019547
16367.000000 16921.954894
16381.000000 16695.355768
16241.000000 16818.271126
16106.000000 16911.376610
15904.000000 16623.551859
16536.000000 16300.001493
16476.000000 16716.670121
15524.000000 16354.620001
14085.000000 14782.333416
13079.000000 13042.761161
12630.000000 12709.793049
12403.000000 12981.530071
12295.000000 13147.985185
12480.000000 13190.628751
13366.000000 13373.823179
14879.000000 14416.367553
15386.000000 15773.291026
15645.000000 16247.638114
15715.000000 16116.843319
15836.000000 16017.377690
15900.000000 16064.893067
16108.000000 16320.846814
16172.000000 16419.578178
16216.000000 16336.828380
16034.000000 16350.594878
16027.000000 16379.910347
16049.000000 16639.341688
15911.000000 16821.155025
15782.000000 16451.602763
16365.000000 16069.901122
16381.000000 16256.192693
15385.000000 15979.818759
14084.000000 14574.636803
13149.000000 13262.117181
12672.000000 12759.271622
12449.000000 12935.627978
12434.000000 13266.892682
13228.000000 13333.488403
13415.000000 13995.763997
15194.000000 14489.575675
15736.000000 15971.790410
15973.000000 16613.820317
16008.000000 16354.844930
16193.000000 16241.590581
16140.000000 16395.339134
15944.000000 16424.141834
16150.000000 16114.084583
16100.000000 16142.791191
15906.000000 16257.775897
15778.000000 16320.486611
15687.000000 16418.445190
15537.000000 16432.087496
15562.000000 16061.012945
16193.000000 15698.514540
16267.000000 16065.250732
15240.000000 15935.752062
13990.000000 14511.424057
12726.000000 13201.295411
12603.000000 12508.811114
12295.000000 12958.857001
12349.000000 13289.256357
12594.000000 13407.298344
13587.000000 13497.954372
15260.000000 14605.142981
15926.000000 16240.994240
16138.000000 16894.154922
16173.000000 16555.923581
16138.000000 16445.603700
16078.000000 16418.352913
16028.000000 16247.315614
15971.000000 16186.509648
15899.000000 16044.613334
15676.000000 15981.514503
15521.000000 15966.642536
15461.000000 16147.294889
15351.000000 16274.544739
15535.000000 15950.427703
16176.000000 15685.649148
16097.000000 16140.648815
15093.000000 15758.819950
13961.000000 14347.104955
12202.000000 13060.449883
11879.000000 12099.002065
11646.000000 12194.908934
11635.000000 12684.467424
11608.000000 12657.278223
11763.000000 13034.098013
11976.000000 13323.548251
12364.000000 13763.526085
13163.000000 14071.009644
13652.000000 14260.413754
13790.000000 14425.027393
13880.000000 14404.646655
13887.000000 14458.130586
13848.000000 14424.955027
13713.000000 14511.794719
13579.000000 14569.874115
13644.000000 14690.812278
13745.000000 14875.124959
13769.000000 14962.421369
13938.000000 14793.622595
14771.000000 14731.704495
14755.000000 15170.201524
14122.000000 14893.832466
13361.000000 13815.639633
12778.000000 12832.047914
12090.000000 12534.423998
11819.000000 12536.867661
11603.000000 12626.663004
11672.000000 12201.250995
11864.000000 12011.513846
12288.000000 12142.269623
12787.000000 12924.888587
13564.000000 13815.345698
14080.000000 14442.686714
14272.000000 14657.367709
14275.000000 14632.324274
14240.000000 14438.951497
14146.000000 14155.246715
14125.000000 14051.050908
13927.000000 14230.185381
14017.000000 14423.784771
14005.000000 14676.548260
14095.000000 14768.683211
14125.000000 14578.410946
14546.000000 14572.462195
14300.000000 14835.670566
13711.000000 14646.815561
12889.000000 13847.985818
13158.000000 13080.990619
12674.000000 12822.472015
12557.000000 12656.669797
12405.000000 12650.738538
12697.000000 12866.589731
13559.000000 13411.384557
15074.000000 14399.429336
15882.000000 15757.894423
15957.000000 16481.694457
15850.000000 16407.300550
15873.000000 16191.345368
15885.000000 16086.522330
15905.000000 15996.677889
15948.000000 15824.125576
15922.000000 15759.174822
15749.000000 15789.565535
15734.000000 15866.813094
15773.000000 16120.236122
15411.000000 16294.615488
15209.000000 15687.381562
15593.000000 15134.140332
15554.000000 15382.442805
14710.000000 15298.524916
13527.000000 14283.572483
13689.000000 13335.775343
13387.000000 13456.072274
13337.000000 13633.216864
13475.000000 13707.499964
13794.000000 14273.291542
14871.000000 15010.391810
16465.000000 16207.164725
17154.000000 17433.104715
16823.000000 17624.214951
16574.000000 16952.371192
16332.000000 16606.142406
16168.000000 16555.145886
16110.000000 16599.556356
16117.000000 16575.927682
16025.000000 16422.987445
15861.000000 16360.954084
15848.000000 16222.187763
15682.000000 16364.687868
15525.000000 16222.635587
15481.000000 15835.467491
16263.000000 15616.574099
16261.000000 16285.668032
15261.000000 15979.550026
14045.000000 14538.373268
14775.000000 13500.805799
14550.000000 14529.406931
14529.000000 15139.366962
14648.000000 15251.202029
15103.000000 15536.624815
16086.000000 15918.372302
17776.000000 16911.087640
18344.000000 18360.555416
17892.000000 18581.156656
17362.000000 17650.301364
17043.000000 16942.978212
16642.000000 16814.525904
16281.000000 16828.372661
15984.000000 16417.200018
15937.000000 15884.689148
15697.000000 15901.987335
15554.000000 15916.286834
15357.000000 15921.766792
15298.000000 15951.715323
15361.000000 15639.230734
16158.000000 15520.435723
16255.000000 16180.582318
15465.000000 16080.870356
14373.000000 14865.573762
15465.000000 14040.658054
15239.000000 15320.208382
15213.000000 16030.146867
15385.000000 15986.755550
15758.000000 16309.742680
16703.000000 16542.540846
18383.000000 17583.870316
18847.000000 19062.279483
18460.000000 19125.620327
17850.000000 18093.418885
17326.000000 17351.220163
16826.000000 16968.127399
16605.000000 16759.785991
16408.000000 16375.837470
16060.000000 16016.318536
15658.000000 15957.370935
15614.000000 15795.336597
15501.000000 15886.568238
15408.000000 15945.871733
15682.000000 15587.771067
16685.000000 15608.028953
16785.000000 16685.040019
16145.000000 16674.301316
15239.000000 15490.222148
14569.000000 14828.164108
14221.000000 14885.379086
14316.000000 15174.393328
14460.000000 15331.500616
14846.000000 15532.064477
15839.000000 15729.861141
17410.000000 16733.656062
18204.000000 18194.025461
18224.000000 18660.685857
17917.000000 18080.335571
17832.000000 17535.369679
17669.000000 17444.030530
17546.000000 17436.855835
17448.000000 17140.730913
17097.000000 16835.804889
16756.000000 16739.805033
16694.000000 16637.337424
16648.000000 16885.388765
16603.000000 17016.157623
16897.000000 16900.317979
17753.000000 17063.260313
17765.000000 17775.691463
16920.000000 17408.522149
15985.000000 15915.702431
13092.000000 14553.527570
12756.000000 13003.890282
12497.000000 13234.475023
12421.000000 13733.196849
12565.000000 13618.050578
12760.000000 13630.241095
13221.000000 14066.063390
13643.000000 14739.132250
14379.000000 15194.392670
15001.000000 15483.469516
14989.000000 15705.647355
15121.000000 15548.113249
15076.000000 15407.588021
14957.000000 15425.475894
14887.000000 15502.288249
14707.000000 15535.992676
14821.000000 15601.934057
15100.000000 16114.030967
15320.000000 16428.074267
15678.000000 16478.043901
16524.000000 16603.560894
16339.000000 17030.126355
15720.000000 16375.503618
15098.000000 15063.809117
12671.000000 13790.191051
12126.000000 12278.769401
11877.000000 12104.095574
11836.000000 12691.029950
11898.000000 12407.846009
12246.000000 12267.293818
12798.000000 12564.825107
13222.000000 13319.762072
13954.000000 14330.091994
14589.000000 14934.701934
14891.000000 15027.597348
14987.000000 15101.396581
14873.000000 14784.108671
14603.000000 14560.091030
14604.000000 14578.347666
14493.000000 14677.244296
14442.000000 15120.403743
14580.000000 15523.702577
14541.000000 15735.970166
14630.000000 15465.454472
15236.000000 15215.587596
14973.000000 15335.033479
14394.000000 15027.057156
13652.000000 14180.776311
13531.000000 13303.011467
13041.000000 12731.306333
12806.000000 12697.001224
12627.000000 13102.361276
12839.000000 13090.212296
13553.000000 13643.500161
14945.000000 14382.970625
15730.000000 15541.135480
15821.000000 16360.247193
15996.000000 16254.818617
16197.000000 16258.237737
16117.000000 16384.652823
16078.000000 16128.136111
16163.000000 15915.534580
16042.000000 15932.029084
15704.000000 15869.784079
15543.000000 15883.646637
15277.000000 15992.566977
14971.000000 15871.033305
14943.000000 15271.792223
15460.000000 14921.791277
15177.000000 15186.739724
14396.000000 14971.847776
13451.000000 14115.521255
13362.000000 13730.437003
12919.000000 13286.365091
12816.000000 13083.034695
12907.000000 13178.480734
13201.000000 13640.705727
14083.000000 14367.505202
15695.000000 15401.445450
16390.000000 16872.414465
16338.000000 17230.576851
16299.000000 16665.596653
16388.000000 16559.888529
16370.000000 16803.691467
16328.000000 16818.424456
16480.000000 16699.936667
16362.000000 16589.251564
16161.000000 16444.128931
16239.000000 16293.360964
15931.000000 16448.464212
15922.000000 16312.264730
16015.000000 16074.508011
16666.000000 16052.167606
16254.000000 16524.119562
15433.000000 15871.967803
14214.000000 14586.657831
13461.000000 13605.438062
12981.000000 13300.611257
12770.000000 13439.185934
12686.000000 13565.638473
12942.000000 13680.406598
13791.000000 13946.630892
15389.000000 14889.709014
16127.000000 16375.844473
16217.000000 16907.283755
16158.000000 16477.278943
16229.000000 16345.643054
16113.000000 16512.639207
15989.000000 16446.857885
15960.000000 16235.475725
15833.000000 16100.586105
15597.000000 16097.866519
15415.000000 16092.741135
15177.000000 16153.395641
15148.000000 16101.040940
15392.000000 15864.353004
16265.000000 15888.377597
16172.000000 16385.573173
15230.000000 15955.689072
14168.000000 14460.451153
13638.000000 13343.090693
13221.000000 13344.827982
13027.000000 13614.853438
12991.000000 13733.991939
13255.000000 13837.207534
14201.000000 14106.739653
15872.000000 15175.035501
16623.000000 16791.029176
16677.000000 17389.548931
16625.000000 16916.191020
16547.000000 16602.779164
16425.000000 16566.253300
16227.000000 16480.714479
16229.000000 16132.982133
16124.000000 15947.565525
15739.000000 15980.361869
15665.000000 15862.061363
15628.000000 16090.017125
15500.000000 16190.111214
15700.000000 15958.230811
16563.000000 15957.419978
16289.000000 16580.273402
15373.000000 16008.989268
14281.000000 14576.758655
12904.000000 13567.064357
12659.000000 12801.077895
12743.000000 13043.384986
12878.000000 13588.669663
13157.000000 13841.762461
14168.000000 14176.154397
15836.000000 15256.883945
16620.000000 16906.361602
16814.000000 17553.735982
16657.000000 17160.427965
16605.000000 16741.821721
16433.000000 16690.543007
16328.000000 16467.210239
16166.000000 16236.214194
16113.000000 16105.821616
15844.000000 16134.053571
15739.000000 16207.364881
15467.000000 16456.870049
15573.000000 16314.750859
15720.000000 16101.491463
16515.000000 16043.824171
16372.000000 16445.773323
15316.000000 15939.410858
14276.000000 14358.108392
13170.000000 13185.053037
12830.000000 12806.019121
12711.000000 13248.791572
12707.000000 13768.899469
12726.000000 13782.027142
13038.000000 13855.457903
13476.000000 14387.660292
13776.000000 14982.662529
14354.000000 15188.715400
14611.000000 15141.447252
14351.000000 15068.677851
14247.000000 14794.791771
14128.000000 14689.252904
13792.000000 14580.074711
13611.000000 14427.908435
13469.000000 14431.013570
13658.000000 14537.117417
13695.000000 14812.054786
13891.000000 14903.099943
14029.000000 14743.439008
14916.000000 14780.527229
14875.000000 15362.921660
14310.000000 15064.673612
13621.000000 14096.034581
13614.000000 13435.704972
13332.000000 13495.689228
13089.000000 13725.352281
13082.000000 13821.752282
13181.000000 13682.304634
13485.000000 13594.678325
14071.000000 13789.182656
14639.000000 14595.971306
15222.000000 15372.618764
15475.000000 15678.391346
15335.000000 15483.667762
15272.000000 15217.916764
14967.000000 15023.280997
14678.000000 14588.947291
14391.000000 14271.429652
14203.000000 14366.489277
14181.000000 14610.228643
14131.000000 14760.210515
14267.000000 14699.062270
14493.000000 14539.269064
15216.000000 14696.156431
15072.000000 15300.903859
14410.000000 15267.534363
13863.000000 14402.565789
14965.000000 13990.930270
14566.000000 14660.486795
14371.000000 14644.658045
14328.000000 14427.692597
14571.000000 14630.491837
15216.000000 15120.432969
16577.000000 15940.976063
17421.000000 17182.327683
17244.000000 17821.416043
17255.000000 17440.629764
17205.000000 17160.162882
16961.000000 17071.016961
16766.000000 16810.247537
16551.000000 16448.370399
16321.000000 16030.332094
15950.000000 16012.699384
15843.000000 15909.217168
15809.000000 16037.496241
15812.000000 16176.141031
15936.000000 15968.967821
16337.000000 15875.254386
15899.000000 16297.644817
15325.000000 15912.020500
14448.000000 15046.480438
14685.000000 14552.918537
14214.000000 14726.377723
14161.000000 14659.120949
14195.000000 14507.537237
14478.000000 14981.975848
15266.000000 15546.295977
16962.000000 16573.354913
17781.000000 17962.509352
17698.000000 18286.098888
17747.000000 17824.020366
17701.000000 17743.865965
17586.000000 17699.622866
17463.000000 17606.890773
17331.000000 17411.298322
17057.000000 17200.139273
16870.000000 17039.473490
16969.000000 16945.456485
17180.000000 17217.039801
17336.000000 17435.914632
17686.000000 17390.392207
18037.000000 17469.280728
17660.000000 17828.931254
16722.000000 17210.000094
15703.000000 15729.622463
14429.000000 14761.679725
14176.000000 14251.339176
13915.000000 14426.871258
13953.000000 14478.231563
14304.000000 14660.987822
15193.000000 15074.891374
16664.000000 16155.538219
17624.000000 17511.808428
17492.000000 18240.825066
17179.000000 17733.474580
16923.000000 17183.150580
16502.000000 16958.103323
16228.000000 16566.507160
16051.000000 16322.375051
15752.000000 16137.005691
15474.000000 16099.378655
15319.000000 16153.308975
15239.000000 16401.258327
15439.000000 16476.317274
15805.000000 16566.079174
16907.000000 16525.318756
16863.000000 17071.152728
16221.000000 16496.239876
15303.000000 15260.450450
13946.000000 14174.568332
13408.000000 13735.242889
13133.000000 13857.655356
13114.000000 14209.148850
13352.000000 14338.190004
14135.000000 14548.174580
15593.000000 15315.053558
16507.000000 16645.412851
16391.000000 17317.768268
16359.000000 16619.024717
16391.000000 16134.001696
16358.000000 16159.542231
16262.000000 16152.112269
16216.000000 16013.560952
15996.000000 15960.409339
15887.000000 15790.778691
15864.000000 15887.332587
15926.000000 16168.049347
16072.000000 16454.824910
16371.000000 16570.902649
17146.000000 16790.905003
16800.000000 17163.752606
16065.000000 16580.711578
15076.000000 15180.373268
14283.000000 14056.510007
14100.000000 13496.840878
13928.000000 13852.767086
14059.000000 14360.105829
14353.000000 14609.037078
15171.000000 14977.039728
16652.000000 15832.948557
17544.000000 17263.629378
17674.000000 18001.313470
17573.000000 17654.561338
17728.000000 17266.683238
17344.000000 17464.263236
17164.000000 17093.608677
16867.000000 16812.017639
16637.000000 16578.520492
16325.000000 16498.605816
16209.000000 16666.056660
16344.000000 16896.825923
16255.000000 16996.639701
16491.000000 16717.095047
17032.000000 16502.567223
16547.000000 16738.415389
15695.000000 16177.929615
14676.000000 14948.447909
14167.000000 14211.367177
13805.000000 13990.877778
13622.000000 14174.656866
13644.000000 14409.955149
13848.000000 14552.667783
14083.000000 14876.850656
14475.000000 15339.742299
14913.000000 15966.851287
15586.000000 16405.121343
16047.000000 16364.491966
16043.000000 16392.831566
16061.000000 16240.648765
15935.000000 16135.935175
15828.000000 16031.314893
15549.000000 16054.258236
15295.000000 16020.790936
15353.000000 16087.032008
15359.000000 16253.539261
15607.000000 16101.516506
15905.000000 16040.276969
16515.000000 16108.261393
16244.000000 16476.615017
15498.000000 15970.153484
14822.000000 14930.795526
14934.000000 14468.519176
14419.000000 14686.104697
14335.000000 14670.948192
14332.000000 14620.479472
14538.000000 14606.200494
14998.000000 14654.847760
15517.000000 15022.872142
16132.000000 15836.764291
16556.000000 16678.889961
16851.000000 16936.686033
16854.000000 16867.296280
16593.000000 16799.257630
16136.000000 16411.021121
15580.000000 15849.223944
15115.000000 15308.677026
14853.000000 15166.818719
14781.000000 15233.894210
14898.000000 15276.578082
14967.000000 15488.899424
15415.000000 15422.098712
16042.000000 15690.005979
15874.000000 16237.453281
15445.000000 15933.460738
14710.000000 15275.131244
14552.000000 14683.962158
14059.000000 14496.738522
13872.000000 14383.872487
13833.000000 14250.248142
14187.000000 14515.096590
14873.000000 15082.589726
16125.000000 15888.997085
16958.000000 17008.847128
17147.000000 17630.054785
17331.000000 17606.309051
17411.000000 17511.246820
17348.000000 17277.346548
17230.000000 16916.956948
17081.000000 16573.472179
16690.000000 16438.559682
16418.000000 16341.580939
16329.000000 16299.587351
16303.000000 16576.665688
16338.000000 16631.274070
16479.000000 16598.951678
17120.000000 16579.595884
16896.000000 17017.319341
16356.000000 16630.701576
15582.000000 15570.832126
14146.000000 14785.279958
13835.000000 13862.901618
13774.000000 13774.804162
13743.000000 14085.967411
14072.000000 14419.420886
14987.000000 14987.337176
16414.000000 16110.668853
17386.000000 17272.672598
17294.000000 17943.582147
17388.000000 17598.355266
17462.000000 17441.834997
17314.000000 17561.233066
17181.000000 17348.896455
16982.000000 17171.270957
16780.000000 16952.632724
16534.000000 16723.329932
16712.000000 16699.034447
16711.000000 17171.853939
16786.000000 17332.378348
17057.000000 17259.082269
17371.000000 17341.712419
17077.000000 17433.095102
16288.000000 16776.231129
15281.000000 15499.966682
15319.000000 14203.681604
14878.000000 14513.643313
14652.000000 14784.343188
14554.000000 14985.581377
14861.000000 15212.866171
15661.000000 15712.847304
16963.000000 16670.886862
17761.000000 17784.532986
17517.000000 18216.249699
17196.000000 17561.672884
17010.000000 16973.413544
16778.000000 16868.151099
16577.000000 16744.388510
16359.000000 16534.121929
16062.000000 16300.251558
15692.000000 16118.525460
15565.000000 16271.247055
15409.000000 16415.125877
15512.000000 16324.821056
15952.000000 16112.591900
16793.000000 16061.979545
16485.000000 16526.972223
15719.000000 16147.811923
14883.000000 15189.744553
16752.000000 14846.314473
16496.000000 16242.353934
16574.000000 16674.179626
16643.000000 16633.789585
17029.000000 16981.828571
17961.000000 17397.282852
19428.000000 18357.554108
20283.000000 19784.306655
20085.000000 20201.683353
19567.000000 19274.344119
19108.000000 18527.517482
18630.000000 18332.559873
18170.000000 18167.440639
17861.000000 17618.268569
17549.000000 17002.116129
17191.000000 16834.949940
17047.000000 16707.337309
16977.000000 16698.772399
17037.000000 16814.870445
17436.000000 16782.751934
18008.000000 17091.835935
17626.000000 17573.570306
16893.000000 17093.880618
15927.000000 16138.493484
15290.000000 15886.539852
15114.000000 15742.710047
15250.000000 15968.872881
15438.000000 16032.039716
15771.000000 16374.395450
16738.000000 16673.758771
18335.000000 17756.685155
19363.000000 19403.717644
19411.000000 20072.438517
19333.000000 19482.265619
19010.000000 18987.528301
18511.000000 18614.293560
18225.000000 18112.626325
18007.000000 17830.194773
17576.000000 17710.568087
17248.000000 17625.233519
17175.000000 17388.314845
17122.000000 17552.206172
17260.000000 17544.190523
17894.000000 17565.244565
18888.000000 17944.829786
18718.000000 18770.761790
18047.000000 18112.367686
17231.000000 16620.859380
14711.000000 15444.938880
14412.000000 14442.557101
14257.000000 14711.624633
14328.000000 15143.858323
14562.000000 15211.437843
14914.000000 15373.883000
15455.000000 15963.070172
16040.000000 16571.178209
16517.000000 17104.853592
16513.000000 17198.301737
16128.000000 16751.317244
15561.000000 16160.782225
15324.000000 15516.256451
14780.000000 15343.780936
14290.000000 15140.045781
13936.000000 14827.942475
13784.000000 14856.819986
14091.000000 15140.044984
14412.000000 15462.395311
15214.000000 15868.589955
16241.000000 16513.303001
16294.000000 17033.058016
16035.000000 16485.552743
15615.000000 15523.612110
13991.000000 14567.361312
13824.000000 13585.243611
13608.000000 13850.100611
13567.000000 14548.272061
13673.000000 14465.157880
14046.000000 14415.735488
14642.000000 14653.601022
15270.000000 15257.861607
15777.000000 16065.903682
16180.000000 16182.350911
16280.000000 16015.064164
16258.000000 15842.423600
15860.000000 15430.333519
15688.000000 14965.248277
15434.000000 14930.580319
15132.000000 14862.000851
15031.000000 15122.177819
15091.000000 15543.125989
15253.000000 15716.040922
15605.000000 15783.077937
16399.000000 15877.147690
16304.000000 16291.128492
15870.000000 16148.509836
15271.000000 15461.215837
15486.000000 14849.699622
15174.000000 14676.608794
15085.000000 14695.217675
15124.000000 14995.982429
15369.000000 15160.224669
16101.000000 15719.089212
17318.000000 16405.847406
18035.000000 17535.232531
18211.000000 18309.498261
17984.000000 18275.909442
17625.000000 17888.412010
17198.000000 17493.819204
16709.000000 16844.893171
16181.000000 16398.628156
15801.000000 15914.909017
15482.000000 15610.839020
15228.000000 15707.647243
15220.000000 15739.090318
15127.000000 15885.427497
15451.000000 15624.528529
16137.000000 15735.440273
15844.000000 16232.519683
15444.000000 15891.729819
14598.000000 15271.639556
15514.000000 14963.327171
15051.000000 15309.952115
14975.000000 15368.682371
15074.000000 15369.012551
15386.000000 15883.819490
16421.000000 16558.005469
18043.000000 17628.257002
19009.000000 19027.571405
18877.000000 19504.021332
18553.000000 18719.814857
18304.000000 18120.945187
17942.000000 17888.130090
17610.000000 17612.520908
17280.000000 17125.338666
16898.000000 16705.304322
16458.000000 16575.875928
16155.000000 16385.138756
16077.000000 16305.525117
16034.000000 16304.603332
16684.000000 16174.318386
17602.000000 16486.364017
17597.000000 17275.631931
17091.000000 17061.947159
16025.000000 16156.987287
14685.000000 15502.565571
14221.000000 14666.091837
13997.000000 14669.238534
14004.000000 14715.374202
14229.000000 14931.219862
15065.000000 15289.647073
16411.000000 16217.626520
17267.000000 17554.492249
17042.000000 18078.341339
16954.000000 17450.520691
17118.000000 17084.785280
17140.000000 17156.711342
17106.000000 17074.305645
17097.000000 16908.694052
17084.000000 16781.723756
16951.000000 16832.361380
17142.000000 16905.426104
17395.000000 17445.831786
17497.000000 17925.189824
17671.000000 18149.373686
17846.000000 18223.037098
17712.000000 18291.542209
17046.000000 17456.379499
16106.000000 15992.078409
15561.000000 14471.915753
15166.000000 14543.496998
15152.000000 14983.370054
15204.000000 15414.795110
15396.000000 15706.279449
16329.000000 15878.888837
17899.000000 16737.285267
18739.000000 18062.821994
18619.000000 18659.202689
18398.000000 18218.267168
18286.000000 17826.673857
17964.000000 17818.859774
17869.000000 17640.251025
17593.000000 17495.532783
17214.000000 17321.379377
16980.000000 17173.014582
16949.000000 17418.949308
16947.000000 17683.310696
17014.000000 17649.438394
17455.000000 17205.343654
17690.000000 17087.850899
17243.000000 17256.480398
16441.000000 16764.188884
15482.000000 15870.560987
15499.000000 15170.507455
15385.000000 15233.636157
15396.000000 15609.107592
15646.000000 15858.097419
16241.000000 16255.052253
17315.000000 16870.146124
18930.000000 18028.334375
19950.000000 19670.288490
19747.000000 20353.453544
19359.000000 19517.792169
19180.000000 18777.682372
18634.000000 18638.827483
18126.000000 18322.147998
17740.000000 17764.807904
17384.000000 17261.559991
17098.000000 17073.538534
17090.000000 17126.354105
17191.000000 17309.613671
17458.000000 17486.632906
18066.000000 17577.846680
18501.000000 17709.256317
18105.000000 17758.167205
17300.000000 17178.970218
16314.000000 16195.525360
14295.000000 15497.130581
14002.000000 14359.673981
13793.000000 14485.961154
13834.000000 14926.707602
13953.000000 15123.518640
14177.000000 15249.349221
14786.000000 15643.038635
15416.000000 16479.806090
15692.000000 16862.786535
16088.000000 16476.798243
15757.000000 16340.100871
15587.000000 15948.853499
15413.000000 15508.179766
15219.000000 15520.783282
14957.000000 15656.031763
14782.000000 15646.672840
15044.000000 15746.839070
15294.000000 16204.506663
15354.000000 16490.883756
16011.000000 16512.779360
17024.000000 16847.895070
17013.000000 17383.294018
16501.000000 16783.713304
15904.000000 15605.516445
14271.000000 14596.890291
13852.000000 13871.997012
13614.000000 13940.034485
13567.000000 14295.604505
13712.000000 14083.991061
14066.000000 13978.407798
14749.000000 14224.407280
15479.000000 15028.225427
16025.000000 16015.825660
16409.000000 16317.709004
16413.000000 16128.753093
16133.000000 16052.288545
15853.000000 15599.723934
15609.000000 15343.490277
15446.000000 15237.975948
15312.000000 15204.510842
15459.000000 15561.337306
15542.000000 15937.747846
15543.000000 16058.348558
15975.000000 16098.862063
16272.000000 16487.284853
16047.000000 16575.195841
15611.000000 16060.379640
14906.000000 15286.616414
14183.000000 14451.927711
13769.000000 13557.089734
13740.000000 13473.663809
13816.000000 14006.723990
14032.000000 14369.040593
15028.000000 14837.263573
16710.000000 15757.201896
17845.000000 17315.521587
17796.000000 18356.941577
17628.000000 17977.144456
17495.000000 17602.194429
17078.000000 17347.823820
16950.000000 16757.226949
16720.000000 16584.590103
16654.000000 16454.077358
16478.000000 16402.882165
16295.000000 16611.572286
16332.000000 16820.284598
16244.000000 16960.482499
16394.000000 16586.358298
16695.000000 16228.096750
16438.000000 16315.439385
15954.000000 15993.730593
14884.000000 15263.805179
15631.000000 14418.706182
15391.000000 14766.108562
15351.000000 15154.135050
15470.000000 15440.681562
15667.000000 16027.440808
16606.000000 16764.066423
18218.000000 17807.766311
19285.000000 19105.370073
19142.000000 19456.442001
18604.000000 18690.442752
17815.000000 18015.663114
16944.000000 17483.596833
16733.000000 17002.165486
16501.000000 16872.590286
16245.000000 16611.249878
15859.000000 16282.953248
15625.000000 16100.665552
15489.000000 16053.352648
15517.000000 16056.249356
16016.000000 15896.438443
16849.000000 16078.900535
16559.000000 16665.181232
15817.000000 16254.749218
14843.000000 15248.529149
16276.000000 14928.463477
16092.000000 16171.008455
16138.000000 16611.760563
16041.000000 16591.376700
16041.000000 16870.828913
17201.000000 16967.195728
18966.000000 18060.261795
19777.000000 19820.682623
19476.000000 20147.984378
18871.000000 18992.832029
18267.000000 17954.139053
17634.000000 17496.141149
17247.000000 17292.489995
16834.000000 16924.161852
16521.000000 16324.663241
16120.000000 16146.748231
15949.000000 16024.714537
15822.000000 15982.285926
15936.000000 16122.869407
16556.000000 16163.017379
17605.000000 16575.159439
17593.000000 17459.399874
17014.000000 17144.781197
16126.000000 16188.964660
15942.000000 15694.977335
15711.000000 15937.213973
15439.000000 16353.854292
15599.000000 16168.790933
16026.000000 16410.443364
16991.000000 16755.874676
18614.000000 17756.034226
19671.000000 19245.222673
19382.000000 19874.518838
19006.000000 19180.602780
18798.000000 18528.983039
18236.000000 18207.288725
17818.000000 17653.930324
17593.000000 17125.147348
17198.000000 16860.312688
16935.000000 16818.954473
16798.000000 16806.311635
16836.000000 16944.838160
17129.000000 17133.846244
17873.000000 17440.103482
18673.000000 18097.770570
18547.000000 18882.860039
17832.000000 18246.660391
17118.000000 16692.979205
16527.000000 15568.135908
16341.000000 15805.950193
16605.000000 16345.243321
16549.000000 16958.824814
16719.000000 17190.835185
17681.000000 17211.767522
19297.000000 18264.877257
20413.000000 19827.490985
20251.000000 20485.932149
19892.000000 19816.662239
19280.000000 19096.653475
18553.000000 18576.421217
18039.000000 17900.864429
17455.000000 17376.227006
17137.000000 16929.262253
16824.000000 16835.513434
16836.000000 16918.969686
16965.000000 17343.614665
17243.000000 17650.153335
17911.000000 17759.632950
18520.000000 18069.386515
18246.000000 18447.716544
17504.000000 17833.114161
16557.000000 16657.074537
17344.000000 15740.339445
17206.000000 16686.894228
17180.000000 17389.311594
17259.000000 17477.409350
17407.000000 17734.404614
17860.000000 18043.925172
18483.000000 18780.595587
18591.000000 19516.899313
18522.000000 19324.704594
18299.000000 18496.250269
17884.000000 17682.119226
17415.000000 17137.987393
16802.000000 16777.818512
16273.000000 16275.010240
15997.000000 15974.986743
15819.000000 16139.905400
15864.000000 16542.448058
16100.000000 16664.123877
17193.000000 16700.594827
18120.000000 17272.352149
18013.000000 17926.637030
17634.000000 17856.927947
17038.000000 17271.069203
16387.000000 16560.163365
15883.000000 16451.596958
15867.000000 16240.611762
15857.000000 16458.276591
16075.000000 16590.538577
16287.000000 16675.469336
16841.000000 16615.251324
17231.000000 16983.291624
18031.000000 17541.245263
18600.000000 18145.205641
18828.000000 18333.429519
18815.000000 18320.904703
18709.000000 18057.815250
18736.000000 17646.045046
18738.000000 17593.263700
18583.000000 17706.058433
18761.000000 18070.939392
18964.000000 18497.984416
19542.000000 18896.463976
20135.000000 19501.789455
19859.000000 19892.056785
19289.000000 19356.100725
18540.000000 18629.073771
17864.000000 17682.610876
15892.000000 16841.011839
15600.000000 14996.198440
15549.000000 15018.664827
15620.000000 15523.622103
15927.000000 15632.371334
16803.000000 16038.923287
18391.000000 16941.652525
18998.000000 18421.504486
19109.000000 19199.518418
19351.000000 19172.957411
19677.000000 19364.270653
19662.000000 19440.212672
19565.000000 19074.366518
19424.000000 19034.294065
18964.000000 19100.793262
18725.000000 18966.599966
18794.000000 19202.576065
18939.000000 19636.126138
19287.000000 19772.947885
19512.000000 19597.877637
19177.000000 19225.857449
18767.000000 18642.844129
17878.000000 17878.823952
17055.000000 16955.966088
16846.000000 15811.195229
16653.000000 15833.317197
16531.000000 16029.012777
16721.000000 16446.163161
17130.000000 17044.833005
17963.000000 17929.362934
19587.000000 18893.818925
20110.000000 19990.613098
19675.000000 20063.509263
19042.000000 19372.782755
18501.000000 18853.320297
17907.000000 18371.792466
17510.000000 17890.621826
17195.000000 17510.971274
16950.000000 17161.313209
16672.000000 17029.007734
16629.000000 17155.010319
16793.000000 17272.766638
17525.000000 17436.101746
18332.000000 17748.454432
18447.000000 18091.204262
18058.000000 17778.240010
17224.000000 17160.237058
16297.000000 16485.786721
15706.000000 16190.196179
15417.000000 15782.504470
15374.000000 15755.980479
15421.000000 16135.246278
15801.000000 16427.542712
16794.000000 16819.177547
18434.000000 17808.284298
18917.000000 19372.962751
19071.000000 19313.961749
19085.000000 18399.748870
19084.000000 18083.661716
18907.000000 18057.856535
18752.000000 17992.193632
18623.000000 17928.176555
18333.000000 17953.442967
18101.000000 17878.972168
18229.000000 17856.199746
18431.000000 18120.845500
19193.000000 18562.218617
19658.000000 19112.073703
19504.000000 19260.943861
19123.000000 18729.981552
18371.000000 17903.936564
17434.000000 16874.096310
14400.000000 16018.591799
14044.000000 14144.762422
13923.000000 14060.130289
14014.000000 14655.482621
14277.000000 14790.048248
15245.000000 15021.853961
16913.000000 15971.297892
17805.000000 17609.434707
17935.000000 18475.808546
18010.000000 18337.419792
18115.000000 18216.323126
18052.000000 18064.089652
18036.000000 17737.601285
18071.000000 17728.867847
17841.000000 17953.257093
17773.000000 18047.482044
17981.000000 18291.945588
18357.000000 18783.648421
18827.000000 19227.385222
18867.000000 19493.480330
18516.000000 19196.047809
17902.000000 18321.654935
17164.000000 17206.504923
16230.000000 15999.974188
14278.000000 14406.279623
14267.000000 13248.770754
14269.000000 13697.631123
14313.000000 14782.697310
14634.000000 14991.338991
15669.000000 15455.820549
17469.000000 16559.552018
18007.000000 18142.423949
17572.000000 18427.983617
17282.000000 17575.721394
16978.000000 17030.650113
16593.000000 16800.672830
16400.000000 16470.151350
16380.000000 16465.382729
16107.000000 16656.689073
16021.000000 16512.979625
15977.000000 16811.701288
16246.000000 17118.635308
16928.000000 17260.586884
17370.000000 17396.822727
17360.000000 17181.275727
16812.000000 16498.042962
15965.000000 15946.656345
15042.000000 15216.332978
15702.000000 14641.845520
15453.000000 15051.808543
15462.000000 15384.641543
15659.000000 15969.879578
15753.000000 16369.160335
16088.000000 16628.672533
16629.000000 17045.387560
16910.000000 17588.454569
17124.000000 17382.118717
16897.000000 16755.846164
16236.000000 16237.008568
15651.000000 15749.409542
15271.000000 15472.066956
14873.000000 15419.240103
14556.000000 15157.153014
14406.000000 14999.220034
14373.000000 15088.384768
14636.000000 15057.721119
15552.000000 15339.597527
16186.000000 15988.416199
16171.000000 16262.782110
15817.000000 15845.538259
15252.000000 15336.723932
14583.000000 15015.103664
16046.000000 15258.367416
15671.000000 16219.911110
15520.000000 16343.350400
15536.000000 16093.338628
15740.000000 16090.058904
16089.000000 16018.937953
16706.000000 16322.588991
17277.000000 17333.206890
17657.000000 17763.195657
17760.000000 17507.907908
17496.000000 17229.124432
17215.000000 16718.918351
16532.000000 16453.566940
16181.000000 15860.254259
15760.000000 15580.321836
15607.000000 15806.140632
15813.000000 15829.703700
16181.000000 15858.740226
17105.000000 16246.406729
17490.000000 16964.340730
17560.000000 17216.867057
17271.000000 17229.132545
16790.000000 16874.681221
16238.000000 16363.238991
18627.000000 16100.453013
18493.000000 17947.996803
18423.000000 18203.413718
18268.000000 17596.665946
18532.000000 17976.717336
19150.000000 18431.413825
20570.000000 19260.069228
21216.000000 20478.913710
21014.000000 20751.255970
20639.000000 20337.882201
20267.000000 19788.697765
19830.000000 19117.099645
19536.000000 18764.811242
19310.000000 18438.834273
19145.000000 18165.489808
19020.000000 18537.662202
19088.000000 18671.835102
19087.000000 18736.851693
19437.000000 18872.396991
19378.000000 19000.443652
19075.000000 18907.890473
18490.000000 18666.928648
17592.000000 18054.739561
16632.000000 17179.818833
19261.000000 16782.039955
18915.000000 19073.346260
18836.000000 19275.204733
19003.000000 18468.860658
19195.000000 19257.074408
20202.000000 19771.331454
21618.000000 21033.901533
22153.000000 22099.159957
21845.000000 21801.848792
21350.000000 20979.234029
20944.000000 20429.055125
20490.000000 20022.526381
20134.000000 20208.642394
19626.000000 19965.269690
19300.000000 19445.141604
18958.000000 19495.152349
19029.000000 19119.891151
19481.000000 18847.061402
20518.000000 19074.070436
21275.000000 19718.436212
21165.000000 20228.691136
20840.000000 20315.216987
20153.000000 19750.203858
19177.000000 18938.110334
17708.000000 18527.982508
17496.000000 18002.657257
17455.000000 17983.304407
17578.000000 17804.035587
17982.000000 18011.208097
18983.000000 18295.317040
20484.000000 19381.859084
21103.000000 20813.458192
21145.000000 21017.225039
21164.000000 20660.971027
21005.000000 20520.255766
20749.000000 20089.964650
20522.000000 19738.291307
20468.000000 19446.759452
20363.000000 19460.244108
20284.000000 19785.689428
20507.000000 19861.124663
20933.000000 20443.852373
21776.000000 21204.744241
22314.000000 22032.919310
22123.000000 22204.438406
21662.000000 21688.662498
20772.000000 20440.624479
19909.000000 18820.583410
16678.000000 17172.949645
16282.000000 15842.421783
16132.000000 16049.144591
16094.000000 16678.551603
16367.000000 16783.198608
17225.000000 16977.277160
18651.000000 17979.874507
19261.000000 19087.564688
19156.000000 19503.420754
19182.000000 19214.358862
19371.000000 18844.981532
19160.000000 18788.813084
19102.000000 18565.669950
18991.000000 18717.275741
18858.000000 19033.402916
18764.000000 19182.400106
18961.000000 19427.905049
19304.000000 19852.827963
20096.000000 20220.140051
20590.000000 20716.079897
20426.000000 20726.715095
20029.000000 19838.388543
19304.000000 18933.621234
18322.000000 17980.101707
16453.000000 16527.484156
16152.000000 15238.358530
16141.000000 15417.939439
16234.000000 16417.930296
16666.000000 16618.721918
17619.000000 17024.204452
19258.000000 17979.703582
19916.000000 19359.114351
19967.000000 19773.012633
19705.000000 19370.170588
19746.000000 19012.992194
19401.000000 18960.174278
19271.000000 18615.990223
18953.000000 18498.539485
18441.000000 18478.321803
18217.000000 18116.342379
18190.000000 18368.607717
18474.000000 18669.811869
19286.000000 18996.038625
19699.000000 19431.603632
19572.000000 19316.685273
19164.000000 18463.800899
18348.000000 17896.867423
17314.000000 17154.959584
16385.000000 16465.864875
16248.000000 15561.574407
16210.000000 15752.116608
16241.000000 16559.389677
16433.000000 16822.599424
16826.000000 17177.372599
17283.000000 17738.698173
17810.000000 18430.128845
18196.000000 18659.404005
18146.000000 18289.446810
17667.000000 17900.246667
17249.000000 17403.090793
17049.000000 16982.211873
16874.000000 16921.363056
16648.000000 16907.516362
16579.000000 16893.860697
16780.000000 17155.031314
17193.000000 17485.799548
18055.000000 17881.075114
18660.000000 18456.465008
18489.000000 18630.858448
18215.000000 17898.028306
17493.000000 17295.455083
16860.000000 16705.441396
16378.000000 16377.729990
15909.000000 16112.204650
15730.000000 15939.357492
15580.000000 16114.512029
15743.000000 16007.898597
16072.000000 16010.107699
16624.000000 16268.675891
17323.000000 17114.908527
17853.000000 17726.404750
18279.000000 17795.318589
18309.000000 17599.869429
18085.000000 17417.346895
17701.000000 17207.220995
17413.000000 17051.236346
16994.000000 17083.420161
16887.000000 17086.226608
16836.000000 17231.107660
17111.000000 17225.817779
18005.000000 17424.605611
18455.000000 18106.125166
18379.000000 18272.338816
18151.000000 17875.930259
17495.000000 17534.093811
16982.000000 16978.664737
17952.000000 16422.292093
17453.000000 16996.817581
17185.000000 16849.776336
17190.000000 16626.702608
17355.000000 16986.220791
18064.000000 17375.542753
19297.000000 18230.808139
20113.000000 19383.127112
20243.000000 19951.542494
20271.000000 20004.250573
20239.000000 19803.255086
20073.000000 19423.805447
19716.000000 19120.117606
19418.000000 18718.233046
19084.000000 18431.300898
18782.000000 18476.912336
18873.000000 18447.120323
18881.000000 18630.200539
19422.000000 18853.317733
19367.000000 19164.577112
19037.000000 18993.111795
18587.000000 18432.869333
17865.000000 17932.408293
16999.000000 17266.151217
18682.000000 16805.405168
18505.000000 17971.777130
18503.000000 18080.506251
18599.000000 17931.906924
19086.000000 18629.325431
20083.000000 19455.845185
21846.000000 20701.815238
22565.000000 22126.701572
22224.000000 22260.704649
21625.000000 21493.886539
21185.000000 20852.531348
20784.000000 20378.495392
20348.000000 20224.191141
20050.000000 19817.080564
19828.000000 19435.517088
19786.000000 19485.832256
20102.000000 19567.874104
20533.000000 19698.740470
21363.000000 20065.017659
21540.000000 20495.145227
21269.000000 20468.818444
20669.000000 20119.832348
19737.000000 19472.459118
18742.000000 18476.367045
18429.000000 18026.720351
18109.000000 18237.228526
17945.000000 18274.742215
17874.000000 18085.296007
18134.000000 18497.012293
19160.000000 18867.600302
20665.000000 20041.297588
21180.000000 21277.955722
21010.000000 21142.880906
20696.000000 20318.757409
20396.000000 19765.988008
20022.000000 19447.986451
19793.000000 19369.592946
19670.000000 19300.343222
19485.000000 19325.657949
19238.000000 19627.824380
19301.000000 19549.184695
19845.000000 19764.793321
20759.000000 20279.196822
21237.000000 20864.504097
21243.000000 20900.725887
20805.000000 20554.321553
20082.000000 19686.712185
19156.000000 18573.131527
17407.000000 17520.332602
17134.000000 16950.802818
17123.000000 17156.010647
17280.000000 17480.895631
17582.000000 17664.208429
18657.000000 17880.885388
20387.000000 18967.765258
21070.000000 20421.175686
21025.000000 20826.664884
20857.000000 20384.698106
20788.000000 19930.024309
20537.000000 19701.589112
20311.000000 19584.348463
20161.000000 19452.486583
19927.000000 19438.096823
19718.000000 19419.616768
19788.000000 19430.518910
20283.000000 19843.168041
21349.000000 20507.039798
21665.000000 21379.025240
21465.000000 21333.709480
21068.000000 20568.869504
20238.000000 19713.542362
19201.000000 18544.576363
14315.000000 17255.377795
14136.000000 14012.584512
14107.000000 13990.133255
14219.000000 15239.544519
14546.000000 15267.836900
15507.000000 15520.800351
16722.000000 16572.655754
17867.000000 17781.652114
18176.000000 18684.097826
18618.000000 18684.418323
18767.000000 18662.502803
18841.000000 18574.779845
18859.000000 18197.857958
18867.000000 18418.631110
18587.000000 18944.930512
18411.000000 18872.020853
18420.000000 18949.178754
18776.000000 19447.241742
19910.000000 19946.648306
20118.000000 20756.529427
20023.000000 20430.746919
19579.000000 19294.676817
18834.000000 18268.844229
18010.000000 17085.219409
14870.000000 15387.343340
14532.000000 13339.202811
14369.000000 13486.861551
14366.000000 14872.572126
14400.000000 14882.438239
14536.000000 14992.705014
14779.000000 15228.222746
15424.000000 15686.328308
15929.000000 16349.614952
16232.000000 16601.568022
16200.000000 16314.878364
16092.000000 16212.822758
15968.000000 15908.016988
15805.000000 15995.158413
15534.000000 16250.205832
15252.000000 16073.613790
15477.000000 16293.725143
15728.000000 16743.472810
16310.000000 17110.986234
16417.000000 17422.991130
16272.000000 17041.360560
15763.000000 15877.581447
15328.000000 15427.709771
14813.000000 15176.880197
16069.000000 14856.143550
15835.000000 15070.439447
15788.000000 15231.552748
15811.000000 15838.469333
15989.000000 16008.620196
16452.000000 16173.321236
17100.000000 16453.129862
17579.000000 17263.470435
17964.000000 17846.608695
17863.000000 17719.454006
17497.000000 17244.480968
16914.000000 16858.315227
16445.000000 16317.394619
15933.000000 15975.934589
15620.000000 15622.630864
15395.000000 15464.678565
15277.000000 15638.179916
15718.000000 15431.733298
16663.000000 15629.968147
16978.000000 16206.547909
16894.000000 16214.653959
16621.000000 15807.537971
16090.000000 15952.626187
15425.000000 16041.861738
17703.000000 16502.421526
17254.000000 17438.013197
17156.000000 17151.398894
17298.000000 16742.143882
17487.000000 17346.778764
18263.000000 17927.947186
19580.000000 18760.371437
20139.000000 19996.157518
19854.000000 20188.493316
19455.000000 19443.446641
19016.000000 18786.073528
18615.000000 18143.084543
18287.000000 17826.391139
18003.000000 17508.550277
17765.000000 17189.357117
17524.000000 17383.701007
17420.000000 17250.289956
17630.000000 17259.855007
18413.000000 17709.251953
18484.000000 18272.812071
18357.000000 18114.984190
18046.000000 17904.845991
17367.000000 17478.471074
16536.000000 16764.054031
19037.000000 16505.879852
18694.000000 18607.494713
18642.000000 18864.809194
18785.000000 18286.367175
19037.000000 19007.483018
20015.000000 19520.748396
21545.000000 20627.637675
22322.000000 21722.266010
21925.000000 21587.273184
21206.000000 20848.264199
20799.000000 20111.283102
20184.000000 19683.633346
19504.000000 19623.422090
19061.000000 19062.532004
18694.000000 18523.499081
18374.000000 18589.863406
18371.000000 18255.160186
18732.000000 18047.342915
19876.000000 18496.739378
20320.000000 19356.868538
20183.000000 19674.926820
19815.000000 19591.652123
19147.000000 19051.834222
18283.000000 18252.152167
17150.000000 17857.707951
16891.000000 17587.241624
16812.000000 17527.422104
16982.000000 17273.047241
17331.000000 17715.333468
18249.000000 18029.346392
19694.000000 19159.104182
20512.000000 20546.069162
20724.000000 20783.039816
20764.000000 20437.531398
20578.000000 20137.918940
20362.000000 19613.953485
20196.000000 19343.092363
20177.000000 19209.555242
19915.000000 19388.928040
19870.000000 19691.331830
20099.000000 19641.885623
20505.000000 20068.496435
21392.000000 20696.166795
21477.000000 21493.287612
21402.000000 21330.648811
21159.000000 20801.923325
20370.000000 19927.161841
19565.000000 18516.027772
18838.000000 17032.724417
18458.000000 17437.284002
18325.000000 17824.899943
18422.000000 18125.395589
18681.000000 18476.833487
19477.000000 18672.881942
20869.000000 19595.119019
21624.000000 20685.796111
21530.000000 21212.430550
21476.000000 20944.911164
21335.000000 20399.415989
21221.000000 20146.804211
20913.000000 20261.034916
20659.000000 20144.026782
20157.000000 20024.788303
19848.000000 19991.257569
19774.000000 20012.993967
20050.000000 20055.825836
20630.000000 20288.494986
20526.000000 20623.914400
20231.000000 20264.454823
19656.000000 19539.290811
18857.000000 18895.732513
17734.000000 18087.414864
19134.000000 17189.131694
18960.000000 18161.226924
18900.000000 18571.957364
18992.000000 18746.455539
19499.000000 19212.878016
20483.000000 19776.620238
22038.000000 20847.210844
22976.000000 22212.920367
22788.000000 22623.570030
22473.000000 22012.158917
21998.000000 21441.051665
21450.000000 21023.471627
20979.000000 20696.216267
20766.000000 20257.949920
20373.000000 19884.907733
20099.000000 19731.560320
20195.000000 19671.787341
20813.000000 19820.756629
21833.000000 20369.868971
21920.000000 20947.299101
21892.000000 20584.328790
21289.000000 20179.552966
20464.000000 19758.734410
19498.000000 18970.488210
15290.000000 18841.275720
15022.000000 15858.918460
14934.000000 15334.426984
14918.000000 15834.805776
15088.000000 15984.228732
15435.000000 16156.674103
15842.000000 16735.499893
16591.000000 17482.984436
17254.000000 18010.164864
17718.000000 18065.559361
18015.000000 17925.687968
17978.000000 17777.671986
18088.000000 17455.131898
17978.000000 17832.627573
17868.000000 18401.505140
17804.000000 18618.552653
18134.000000 18557.307561
19101.000000 19191.952495
20576.000000 20109.736942
21118.000000 21384.479115
21113.000000 21521.669760
20760.000000 20739.359020
20120.000000 19668.597208
19629.000000 18305.789590
15673.000000 16454.082915
15356.000000 14310.869874
15179.000000 14392.980089
15025.000000 15432.527858
15089.000000 15064.311680
15412.000000 14874.954267
16019.000000 15223.827968
16666.000000 15718.405693
17011.000000 16755.762830
17126.000000 17252.645211
16953.000000 16966.681885
16710.000000 16557.312165
16362.000000 16001.620750
16019.000000 15791.192555
15816.000000 16028.039552
15603.000000 15977.126857
15691.000000 16381.586501
16019.000000 17093.590004
17007.000000 17728.867470
17224.000000 18513.489681
17084.000000 18086.699937
16855.000000 16887.919088
16460.000000 16513.970132
15847.000000 16206.034439
16615.000000 15325.632132
16250.000000 15262.183466
16153.000000 15374.072717
16181.000000 16181.883238
16491.000000 16536.075952
17453.000000 17210.997880
18909.000000 18075.694983
19825.000000 19122.611652
19685.000000 19681.260984
19369.000000 19101.377395
18940.000000 18314.512719
18364.000000 17954.737964
17994.000000 17437.669100
17584.000000 17249.938254
17205.000000 17015.306353
16884.000000 16670.365438
16788.000000 16764.594095
17087.000000 16652.234452
17991.000000 17025.801538
18112.000000 17558.054273
18036.000000 17281.731163
17913.000000 16674.792086
17105.000000 16847.782137
16316.000000 16563.877255
15283.000000 16825.310451
15039.000000 15307.495266
14952.000000 14896.484799
14987.000000 15338.003510
15393.000000 15833.838070
16304.000000 16587.211585
18109.000000 17563.483622
19226.000000 19262.349139
19282.000000 19874.259158
19225.000000 19274.053995
19220.000000 18811.972864
19022.000000 18676.206604
18990.000000 18447.306263
18812.000000 18490.165319
18596.000000 18442.896959
18277.000000 18432.485468
18412.000000 18217.532406
18799.000000 18512.709773
19641.000000 19076.085107
19775.000000 19777.255922
19585.000000 19607.317765
19254.000000 18937.326475
18349.000000 18146.733599
17290.000000 16902.603046
14556.000000 15583.723546
14063.000000 14064.235719
13808.000000 13914.483597
13661.000000 14477.565692
13789.000000 14609.473179
14664.000000 14718.875417
16171.000000 15792.694849
17191.000000 17165.492492
17149.000000 17970.545948
17200.000000 17682.618692
17384.000000 17333.763289
17406.000000 17386.393588
17340.000000 17314.821032
17294.000000 17340.242191
17122.000000 17547.376795
16872.000000 17533.137491
16905.000000 17635.205215
17081.000000 18007.067810
17913.000000 18384.659465
17991.000000 18945.736354
17855.000000 18541.896020
17623.000000 17658.248694
16805.000000 17034.652837
15868.000000 15819.677604
14597.000000 14372.392563
14150.000000 13604.243582
13925.000000 13750.891840
13828.000000 14471.879637
14070.000000 14530.599566
14998.000000 14815.399446
16605.000000 15744.832108
17589.000000 17196.910265
17475.000000 17937.589770
17392.000000 17496.155752
17374.000000 17032.032528
17186.000000 17058.043783
17078.000000 16906.277528
17032.000000 16860.824493
16879.000000 16853.817581
16649.000000 16755.693941
16981.000000 16858.830020
17338.000000 17313.391895
17840.000000 17870.949418
17943.000000 18083.852905
17735.000000 17721.264061
17130.000000 16958.752193
16192.000000 16366.658159
15352.000000 15414.224790
15451.000000 14750.501138
15113.000000 14609.714109
14881.000000 14702.053940
15044.000000 15088.787132
15219.000000 15598.813563
16180.000000 15993.992167
17761.000000 16966.216431
18739.000000 18559.315935
18751.000000 19148.073069
18524.000000 18464.192581
18512.000000 17822.602991
18256.000000 17866.836104
18074.000000 17819.977437
17838.000000 17724.780261
17655.000000 17596.895870
17401.000000 17665.903848
17455.000000 17782.823851
17884.000000 17866.380984
18441.000000 18139.227920
18463.000000 18347.082362
18054.000000 17906.583315
17621.000000 17111.672779
16612.000000 16643.121133
15537.000000 15831.110826
15958.000000 15245.973671
15685.000000 15575.450161
15543.000000 15756.505465
15556.000000 15887.087313
15600.000000 16138.346786
15899.000000 16331.361560
16354.000000 16883.631815
16904.000000 17638.099495
17201.000000 17834.869261
17125.000000 17501.219521
16787.000000 17084.997415
16353.000000 16659.234693
16076.000000 16433.222658
15730.000000 16343.571541
15643.000000 16215.566937
15675.000000 16398.649528
15823.000000 16487.999786
16557.000000 16597.113386
17268.000000 17182.227491
17225.000000 17595.766054
17248.000000 17276.848954
16988.000000 17056.046284
16731.000000 16601.803191
16051.000000 16071.382779
16714.000000 15754.292682
16392.000000 16551.686335
16206.000000 16730.506973
16178.000000 16414.970635
16362.000000 16493.460981
16655.000000 16469.056461
17289.000000 16693.596506
18059.000000 17429.918610
18556.000000 18093.137968
18710.000000 18255.491247
18531.000000 17880.283153
17905.000000 17453.519578
17371.000000 17087.912849
16859.000000 16673.787993
16240.000000 16471.309356
15974.000000 16388.131034
16006.000000 16210.527470
16509.000000 16171.783577
17569.000000 16610.369189
17737.000000 17402.219326
17660.000000 17510.294186
17389.000000 17354.058246
17084.000000 17291.234018
16504.000000 16847.326303
17504.000000 16329.721256
17060.000000 17048.675756
17006.000000 16915.978781
17014.000000 16668.629152
17083.000000 17147.938801
17772.000000 17483.364267
18717.000000 18392.312695
19639.000000 19292.568420
19757.000000 19836.688409
19779.000000 19770.295069
19779.000000 19354.356669
19573.000000 18900.604242
19466.000000 18628.298173
19312.000000 18424.360085
19182.000000 18256.965431
19035.000000 18461.881046
19107.000000 18548.380762
19483.000000 18790.988248
20005.000000 19445.265794
19882.000000 19856.820018
19589.000000 19361.195562
19142.000000 18816.311186
18380.000000 18324.630985
17488.000000 17580.886551
19001.000000 16903.345877
18728.000000 18091.129998
18664.000000 18334.599897
18730.000000 18055.387627
19220.000000 18618.152403
20206.000000 19344.186825
21766.000000 20456.191709
22544.000000 21660.164242
22203.000000 21873.809543
21701.000000 21344.332308
21374.000000 20745.240500
20767.000000 20439.231149
20312.000000 20284.654873
20053.000000 19948.520397
19680.000000 19716.715246
19559.000000 19602.590877
19644.000000 19463.021974
20153.000000 19490.599023
21017.000000 19904.433035
20976.000000 20530.010845
20658.000000 20241.112288
20107.000000 19786.085635
19238.000000 19199.638275
18332.000000 18280.354920
15839.000000 17828.507081
15730.000000 16336.086493
15975.000000 16195.332691
16492.000000 16726.365255
17061.000000 17541.750374
18298.000000 18062.296582
20207.000000 19343.046756
21314.000000 20910.576728
21259.000000 21494.349291
21061.000000 20972.135909
20847.000000 20406.510285
20539.000000 20023.085326
20131.000000 19639.993412
19698.000000 19447.364276
19383.000000 19388.344796
19121.000000 19416.633355
19272.000000 19216.618489
19981.000000 19636.458064
21328.000000 20420.880557
21592.000000 21420.339696
21489.000000 21161.354547
21124.000000 20407.461122
20397.000000 19524.337822
19572.000000 18250.321475
16142.000000 16645.385897
15826.000000 15018.080293
15685.000000 15342.013843
15509.000000 16464.055297
15692.000000 16428.902149
16469.000000 16605.884377
18046.000000 17582.929952
18908.000000 18739.846265
18929.000000 19312.719903
18788.000000 18945.245799
18814.000000 18322.254099
18642.000000 18200.362376
18609.000000 17927.789204
18478.000000 17976.346375
18255.000000 18273.604806
18120.000000 18180.691582
18257.000000 18542.324940
18774.000000 19223.715398
19040.000000 20010.766645
19053.000000 20169.175399
18627.000000 19472.723065
18011.000000 18259.051987
17321.000000 17394.157074
16316.000000 16456.422700
17244.000000 15140.879887
17244.000000 15636.721607
17267.000000 16332.295559
17509.000000 17165.915728
18045.000000 17665.156803
19109.000000 18307.302845
20808.000000 19297.185306
21873.000000 20721.502917
21436.000000 21450.434620
20644.000000 20436.122369
19973.000000 19241.868559
19231.000000 18832.139916
18723.000000 18575.385616
18205.000000 18321.106264
17876.000000 17849.440063
17748.000000 17587.627547
17950.000000 17867.184066
18648.000000 17975.617908
19482.000000 18338.498070
19430.000000 18792.315575
19200.000000 18206.826937
18769.000000 17512.595415
17803.000000 17433.315733
16886.000000 17007.245016
16547.000000 17231.375691
16042.000000 16558.331023
15994.000000 16323.179193
15884.000000 16746.008071
15999.000000 17033.717382
16258.000000 17278.373036
16569.000000 17629.470720
17156.000000 18283.112501
17586.000000 18323.934935
17897.000000 17731.287666
17590.000000 17380.356510
17394.000000 17000.544592
17155.000000 16864.006620
16888.000000 16980.394659
16514.000000 17145.294339
16346.000000 17257.920396
16509.000000 17196.402774
17328.000000 17347.081176
18497.000000 18040.507202
18924.000000 18753.555615
18951.000000 18807.290326
18650.000000 18543.461885
18198.000000 17902.375330
17685.000000 17217.024525
18069.000000 16613.567035
17613.000000 17310.567766
17506.000000 17407.947501
17434.000000 17206.372866
17493.000000 17171.492749
17792.000000 16941.822663
18228.000000 17222.282887
18849.000000 17854.173110
19313.000000 18610.441431
19551.000000 19025.465928
19643.000000 18733.004554
19401.000000 18486.783068
18993.000000 18273.997205
18563.000000 17895.233848
18360.000000 17587.554835
18166.000000 17767.557970
18260.000000 17895.252486
18737.000000 18152.374865
19171.000000 18825.284810
18940.000000 19277.902173
18673.000000 18816.084008
18338.000000 18276.344211
17818.000000 17989.742191
17164.000000 17469.827754
20460.000000 16955.969088
20310.000000 19255.590048
20448.000000 19687.207291
20594.000000 19419.931760
21036.000000 20048.098981
21968.000000 20742.827844
23531.000000 21826.699281
24465.000000 23006.966804
24242.000000 23540.052408
23726.000000 23103.227342
22784.000000 22398.631883
21930.000000 21390.700666
21177.000000 20877.901809
20615.000000 20267.504937
19918.000000 19719.657776
19457.000000 19419.817905
19731.000000 19022.318515
20463.000000 19018.933942
21347.000000 19615.703578
21337.000000 20083.142053
21105.000000 19858.895376
20798.000000 19772.804989
19914.000000 19726.477122
18914.000000 19223.332887
18579.000000 19278.547561
18283.000000 19030.501536
18170.000000 18681.225476
18115.000000 18331.667384
18486.000000 18953.716427
19512.000000 19671.059533
21081.000000 20968.468969
22106.000000 22291.997655
21904.000000 22465.394116
21791.000000 21620.614056
21575.000000 20923.989776
21373.000000 20498.901041
21191.000000 20366.282723
21051.000000 20348.730073
20905.000000 20291.875423
20896.000000 20573.597183
21079.000000 20627.707114
21819.000000 21077.493488
22912.000000 21925.653272
23069.000000 22742.214985
23137.000000 22475.978058
22678.000000 22181.666353
21840.000000 21200.583047
20972.000000 19714.972424
18003.000000 18255.876584
17770.000000 17028.822081
17777.000000 17242.653386
17869.000000 17846.196029
18258.000000 18090.029516
19103.000000 18321.092565
20730.000000 19323.648554
21807.000000 20534.669048
21614.000000 21280.336296
21195.000000 20971.646027
20798.000000 20256.239082
20310.000000 19807.692859
19948.000000 19460.397965
19564.000000 19375.721592
19129.000000 19473.810102
18989.000000 19266.935239
19178.000000 19199.170188
20060.000000 19843.553371
21179.000000 20934.760749
21318.000000 21923.281958
21250.000000 21541.078057
20882.000000 20664.347096
20007.000000 19960.292947
19181.000000 18637.301553
18763.000000 17102.678330
18284.000000 17209.664305
18150.000000 17600.198293
18076.000000 18402.946615
18350.000000 18634.267886
19190.000000 18966.073543
20665.000000 19959.626403
21484.000000 20988.130741
21278.000000 21360.522197
21208.000000 20517.384554
21052.000000 19774.213210
20856.000000 19602.621410
20552.000000 19525.405043
20403.000000 19409.658850
20118.000000 19436.624390
19860.000000 19473.769858
20061.000000 19781.275699
20572.000000 20226.118319
21141.000000 20739.580900
21165.000000 20866.274415
20893.000000 20194.713790
20367.000000 19423.997323
19444.000000 18984.823583
18631.000000 18258.220971
20306.000000 18042.456126
20197.000000 18928.550220
20174.000000 19285.954059
20400.000000 19544.147662
20681.000000 20087.682420
21388.000000 20522.570161
22593.000000 21203.544747
23299.000000 22435.042991
23381.000000 22845.802606
23041.000000 22261.515669
22397.000000 21563.264383
21706.000000 21061.474451
21014.000000 20716.684595
20431.000000 20350.068489
19938.000000 19857.766728
19561.000000 19660.034915
19711.000000 19483.935169
20641.000000 19433.276860
21814.000000 20161.686549
21918.000000 20971.152811
21756.000000 20722.009758
21310.000000 20385.601444
20325.000000 20034.415239
19450.000000 19333.588223
18515.000000 19286.165129
18387.000000 18738.409387
18459.000000 18631.641100
18583.000000 18731.009056
18890.000000 18965.139099
19346.000000 19253.994562
19914.000000 19953.962248
20639.000000 20789.296636
21182.000000 21263.457280
21195.000000 21114.078056
20769.000000 20525.082756
20537.000000 19675.664133
20215.000000 19309.602505
19825.000000 19184.616331
19510.000000 19208.853117
19208.000000 19470.333485
19482.000000 19347.801299
20620.000000 19822.802942
21798.000000 20976.618461
21823.000000 21818.597068
21868.000000 21450.374690
21494.000000 20989.760164
21182.000000 20229.259424
20580.000000 19441.941008
16972.000000 18491.566184
16610.000000 16467.781768
16431.000000 16335.356127
16325.000000 16905.836740
16503.000000 16845.862580
16924.000000 16862.487126
17524.000000 17220.726997
18283.000000 17680.679177
18836.000000 18540.437151
19123.000000 19065.771818
19301.000000 18815.404096
19200.000000 18581.445522
19020.000000 18252.540479
18824.000000 18252.132028
18616.000000 18661.567637
18457.000000 18719.636477
18621.000000 18736.854395
19394.000000 19290.690099
20187.000000 20178.614390
20298.000000 20877.795845
20144.000000 20575.833979
19897.000000 19750.850397
19462.000000 19307.675846
18953.000000 18468.004741
16735.000000 16999.529165
16533.000000 15254.092275
16402.000000 15315.078036
16496.000000 16341.445579
16799.000000 16557.980106
17738.000000 17101.535530
19151.000000 17953.950479
20121.000000 18925.145952
20150.000000 19887.922278
20046.000000 19882.013665
19894.000000 19374.788229
19297.000000 19064.294829
18888.000000 18411.025738
18520.000000 18243.180282
18161.000000 18254.974838
17818.000000 17858.633922
17999.000000 17817.557686
18887.000000 18339.588552
19657.000000 19336.379692
19707.000000 19956.730876
19521.000000 19333.528747
19237.000000 18422.200659
18632.000000 18154.346378
17776.000000 17769.751527
17249.000000 17046.247380
16817.000000 16047.360955
16618.000000 15918.024312
16721.000000 16663.402036
16954.000000 17216.156519
17901.000000 18010.362742
19409.000000 18946.030053
20301.000000 20145.119700
20314.000000 20559.341334
20315.000000 19903.514772
20356.000000 19377.688924
20093.000000 19296.243506
19907.000000 19034.824577
19669.000000 19024.891473
19380.000000 19064.940759
19237.000000 18895.546035
19368.000000 19142.796193
19945.000000 19533.919899
20288.000000 20149.662317
20145.000000 20196.280306
19813.000000 19454.270322
19252.000000 18625.157754
18287.000000 18060.529334
17453.000000 17204.333837
18572.000000 16809.932055
18278.000000 17375.705160
18287.000000 17590.020299
18408.000000 17949.530298
18850.000000 18472.124188
19817.000000 19076.127447
21474.000000 20034.762936
22449.000000 21583.173741
21938.000000 22155.325615
21450.000000 21160.176756
20864.000000 20365.668120
20085.000000 20034.064071
19441.000000 19585.275724
19112.000000 19101.826974
18790.000000 18811.805133
18753.000000 18762.638470
19034.000000 18815.490616
19869.000000 19020.616743
20594.000000 19772.849598
20511.000000 20188.711555
20289.000000 19612.716546
19784.000000 19117.893902
18876.000000 18682.116860
17922.000000 17938.078494
17793.000000 17597.260189
17487.000000 17635.796886
17433.000000 17706.264813
17330.000000 17803.307433
17754.000000 18147.171672
18731.000000 18584.253255
20266.000000 19699.173310
21196.000000 21084.813824
21093.000000 21290.948369
20837.000000 20419.368068
20721.000000 19642.720590
20354.000000 19426.244675
20120.000000 19274.394241
19953.000000 19257.669444
19685.000000 19398.186609
19509.000000 19547.721596
19714.000000 19526.696974
20637.000000 19858.948361
21398.000000 20666.052239
21439.000000 21056.560220
21275.000000 20599.141482
20752.000000 20190.824824
19984.000000 19485.061924
19114.000000 18364.644015
15714.000000 17450.879607
15548.000000 15511.697884
15701.000000 15496.562468
15794.000000 16258.128156
16228.000000 16472.134015
17245.000000 16750.052296
19133.000000 17802.711811
20243.000000 19415.808434
20173.000000 20436.536504
20176.000000 20020.138936
20160.000000 19619.107295
19935.000000 19552.329351
19794.000000 19228.058338
19784.000000 19178.596782
19748.000000 19514.169739
19588.000000 19581.622146
19826.000000 19586.500076
20615.000000 20253.246836
21195.000000 21185.354105
20989.000000 21694.285284
20765.000000 20891.963361
20286.000000 19969.963523
19393.000000 19078.612958
18455.000000 17645.692562
15169.000000 15867.841341
14828.000000 13963.906112
14759.000000 14252.051877
14720.000000 15596.695899
14735.000000 15649.865235
15064.000000 15782.617366
15521.000000 16342.520951
16157.000000 16662.737474
16691.000000 17125.536172
16910.000000 17174.719968
16807.000000 16819.724911
16536.000000 16679.283535
16497.000000 16412.228845
16268.000000 16806.318876
16107.000000 17252.253200
16050.000000 17038.454555
16398.000000 17243.184300
17216.000000 17744.959446
17673.000000 18410.999415
17685.000000 18573.072996
17779.000000 17983.399101
17273.000000 17315.604467
16696.000000 16694.191872
16135.000000 16050.024313
15154.000000 15408.238134
14788.000000 14324.879119
14679.000000 14302.746896
14700.000000 15187.886918
14880.000000 15112.329884
15347.000000 15133.023918
16033.000000 15299.640918
16851.000000 16202.466578
17173.000000 17313.730450
17277.000000 17208.842377
17029.000000 16720.544221
16609.000000 16488.620295
16146.000000 16029.553482
15735.000000 15678.905272
15405.000000 15579.491800
15215.000000 15442.792635
15476.000000 15647.585855
16284.000000 16031.888294
17105.000000 16767.307833
17147.000000 17275.285793
17109.000000 16842.596808
16821.000000 16229.664378
16333.000000 16197.131446
15725.000000 16003.674692
14915.000000 15759.714884
14473.000000 14483.984888
14166.000000 14116.602828
14198.000000 14526.061626
14391.000000 14842.065179
15224.000000 15356.557155
16900.000000 16122.029878
17985.000000 17602.886271
17998.000000 18458.616637
18059.000000 18085.326230
18184.000000 17679.488070
18122.000000 17636.331701
18117.000000 17308.580422
18089.000000 17353.991401
17887.000000 17507.272980
17563.000000 17458.198368
17732.000000 17450.107420
18297.000000 17946.870219
18440.000000 18754.521939
18198.000000 18664.086372
17995.000000 17833.705060
17705.000000 17306.707796
16937.000000 16930.032849
15886.000000 16031.576608
15654.000000 15017.422702
15399.000000 14707.395690
15327.000000 14822.078694
15394.000000 15252.049615
15803.000000 15822.431189
16618.000000 16608.081568
18198.000000 17589.029116
19242.000000 18813.411257
18986.000000 19446.704990
18794.000000 18832.046633
18629.000000 18369.478318
18328.000000 18339.778439
18172.000000 18270.477306
18119.000000 18336.636100
18005.000000 18296.641031
17934.000000 18107.079540
18174.000000 18110.400802
18890.000000 18416.993794
19066.000000 19067.017454
18914.000000 19120.931453
18763.000000 18494.428750
17888.000000 18079.725715
16877.000000 17181.862420
15746.000000 15988.286802
13712.000000 15226.945280
13129.000000 13843.100644
13018.000000 13632.388443
12882.000000 14110.580423
13322.000000 14285.591161
14232.000000 14627.291854
15982.000000 15508.831895
17199.000000 17163.262339
17106.000000 18128.429306
16952.000000 17476.978943
16955.000000 16878.157823
16861.000000 16957.676655
16637.000000 16904.689989
16538.000000 16884.417551
16171.000000 17050.888277
16047.000000 16908.969123
16265.000000 16890.439092
17164.000000 17387.956404
18136.000000 18185.057980
18259.000000 18727.468835
18324.000000 18171.454042
18024.000000 17565.838235
17194.000000 17040.339824
16321.000000 15894.058075
13938.000000 14568.512315
13480.000000 13045.433994
13303.000000 13094.253518
13374.000000 13863.282891
13682.000000 14126.894849
14582.000000 14498.806941
16425.000000 15494.760789
17461.000000 17048.451764
17450.000000 17912.427242
17231.000000 17387.154271
17080.000000 16770.249618
16716.000000 16630.530162
16494.000000 16211.288589
16560.000000 16084.815235
16328.000000 16299.884621
16175.000000 16235.771895
16329.000000 16448.655491
17093.000000 17179.584101
17534.000000 18213.265680
17428.000000 18454.030030
17257.000000 17665.677928
16600.000000 16915.635596
15663.000000 16011.727579
14590.000000 14789.641916
13896.000000 13551.124368
13594.000000 13106.646311
13510.000000 13423.647126
13532.000000 14288.586439
13854.000000 14645.360641
14755.000000 15147.829473
16498.000000 16078.033540
17518.000000 17541.279742
17207.000000 18321.970018
17079.000000 17298.450142
16955.000000 16533.496431
16767.000000 16490.320077
16556.000000 16521.841738
16386.000000 16634.762383
16166.000000 16692.190221
15864.000000 16555.659029
15870.000000 16590.801320
16622.000000 16749.746591
17259.000000 17302.229063
17211.000000 17523.031765
16865.000000 16751.051413
16353.000000 15917.588006
15529.000000 15474.136970
14593.000000 14763.873803
14902.000000 14339.198837
14403.000000 14414.165689
14164.000000 14442.991128
14099.000000 14691.864864
13974.000000 14934.734814
14011.000000 15006.968601
14321.000000 15181.990276
14877.000000 15697.449213
15309.000000 15936.124356
15652.000000 15725.891854
15524.000000 15626.523005
15360.000000 15539.095555
15414.000000 15443.377926
15368.000000 15625.264917
15125.000000 15826.826909
15011.000000 15835.111132
15197.000000 15814.991936
16123.000000 15958.881096
16533.000000 16758.963732
16413.000000 16976.822604
16295.000000 16360.219745
15825.000000 16092.085671
15112.000000 15628.377166
14486.000000 14925.042584
17367.000000 14682.422384
16977.000000 16802.336180
16777.000000 17002.449291
16681.000000 16372.951123
16641.000000 16412.207289
16917.000000 16279.459426
17388.000000 16525.177627
17961.000000 17329.745994
18384.000000 17998.398957
18656.000000 18044.001382
18619.000000 17822.372517
18282.000000 17614.686060
17993.000000 17652.863135
17624.000000 17407.218361
17469.000000 17038.710967
17311.000000 17304.616918
17589.000000 17264.944022
18261.000000 17224.501645
18268.000000 17739.952234
17841.000000 17634.072409
17583.000000 17046.366711
17150.000000 16996.900221
16434.000000 16843.266074
15671.000000 16413.927331
20048.000000 16467.255429
19703.000000 19533.749324
19582.000000 19679.460436
19630.000000 18545.472100
19985.000000 19184.941763
20827.000000 19807.633262
22093.000000 20806.780103
22943.000000 21950.041065
22714.000000 22351.189313
22159.000000 21904.163089
21448.000000 21209.833244
20507.000000 20360.983717
19822.000000 19937.854475
19241.000000 19307.398856
18733.000000 18721.240146
18378.000000 18668.881625
18666.000000 18234.515304
19651.000000 18112.528736
20175.000000 18914.194256
20018.000000 19137.927443
19961.000000 18803.726797
19524.000000 19262.260456
18889.000000 19039.663654
18085.000000 18362.950122
19743.000000 18348.905113
19479.000000 19947.195261
19432.000000 20000.228865
19428.000000 19106.772369
19738.000000 19844.693820
20415.000000 20514.615016
21761.000000 21551.337862
22565.000000 22520.299070
22423.000000 22391.790870
22247.000000 21620.607650
21893.000000 21035.170025
21429.000000 20463.643836
21066.000000 20333.611448
20691.000000 20106.062692
20313.000000 19867.108528
20066.000000 20001.171370
20271.000000 19672.904605
21519.000000 19965.228317
22404.000000 21191.428653
22583.000000 21834.988575
22501.000000 21622.843721
22167.000000 21711.843800
21428.000000 21096.334407
20472.000000 19856.045640
17751.000000 18704.434940
17611.000000 17717.003282
17706.000000 17840.539973
17842.000000 17957.810537
18240.000000 18173.923695
19244.000000 18404.691388
20515.000000 19603.577540
21553.000000 20613.810639
21966.000000 21339.968583
22134.000000 21588.761762
22086.000000 21322.333020
21846.000000 20936.043010
21600.000000 20593.534809
21371.000000 20549.693515
21292.000000 20746.547223
21160.000000 20893.912031
21283.000000 20818.305734
22489.000000 21456.050203
23151.000000 22808.097239
23156.000000 23511.344041
22827.000000 22878.704115
22325.000000 22119.182953
21540.000000 20974.911037
20445.000000 19500.161329
14755.000000 17487.921564
14475.000000 14012.072828
14217.000000 14089.110592
14149.000000 15350.084315
14254.000000 15233.317611
14625.000000 15430.374456
15001.000000 15913.934979
15337.000000 16207.687248
15656.000000 16782.741441
16152.000000 16928.148784
16662.000000 16783.563466
16982.000000 16874.248753
17128.000000 16777.559647
17188.000000 17285.957243
17128.000000 18155.752557
17278.000000 18219.993498
17568.000000 18588.891169
18814.000000 19341.192436
19348.000000 20395.856838
19403.000000 20732.997159
19270.000000 19888.861277
18945.000000 18821.553913
18593.000000 18108.457850
